# Model spectral template of M1149 JD1
# generated from broadband photometry SED fitting 
# using gsf code (Morishita+2019)
# RF-Wavelength Flux
# (um) (Flambda)
0.06950 0.00000e+00
0.07050 0.00000e+00
0.07160 0.00000e+00
0.07260 0.00000e+00
0.07350 0.00000e+00
0.07450 0.00000e+00
0.07550 0.00000e+00
0.07650 0.00000e+00
0.07750 0.00000e+00
0.07850 0.00000e+00
0.07950 0.00000e+00
0.08050 0.00000e+00
0.08150 0.00000e+00
0.08250 0.00000e+00
0.08350 0.00000e+00
0.08450 0.00000e+00
0.08550 0.00000e+00
0.08650 0.00000e+00
0.08750 0.00000e+00
0.08850 0.00000e+00
0.08950 0.00000e+00
0.09050 0.00000e+00
0.09150 0.00000e+00
0.09250 0.00000e+00
0.09350 0.00000e+00
0.09450 0.00000e+00
0.09550 0.00000e+00
0.09650 0.00000e+00
0.09750 0.00000e+00
0.09850 0.00000e+00
0.09950 0.00000e+00
0.10050 0.00000e+00
0.10150 0.00000e+00
0.10250 0.00000e+00
0.10350 0.00000e+00
0.10450 0.00000e+00
0.10550 0.00000e+00
0.10650 0.00000e+00
0.10750 0.00000e+00
0.10850 0.00000e+00
0.10950 0.00000e+00
0.11050 0.00000e+00
0.11150 0.00000e+00
0.11250 0.00000e+00
0.11350 0.00000e+00
0.11450 0.00000e+00
0.11550 0.00000e+00
0.11650 0.00000e+00
0.11750 0.00000e+00
0.11850 0.00000e+00
0.11950 0.00000e+00
0.12050 0.00000e+00
0.12150 0.00000e+00
0.12250 2.82171e-04
0.12350 2.59381e-04
0.12450 2.34531e-04
0.12550 1.98823e-04
0.12650 1.80797e-04
0.12750 1.88929e-04
0.12850 1.84799e-04
0.12950 1.62232e-04
0.13050 1.79271e-04
0.13150 1.82836e-04
0.13250 1.72502e-04
0.13350 1.66761e-04
0.13450 1.93225e-04
0.13550 1.73791e-04
0.13650 1.78146e-04
0.13750 1.66563e-04
0.13850 1.69524e-04
0.13950 1.93570e-04
0.14050 2.08112e-04
0.14150 1.84501e-04
0.14250 1.77859e-04
0.14350 1.86225e-04
0.14420 1.91783e-04
0.14470 1.96504e-04
0.14550 1.82846e-04
0.14650 1.84123e-04
0.14750 1.94321e-04
0.14850 1.90545e-04
0.14950 1.98252e-04
0.15050 1.81954e-04
0.15120 1.67461e-04
0.15170 1.84909e-04
0.15250 1.66482e-04
0.15350 1.61187e-04
0.15450 1.18707e-04
0.15550 2.00757e-04
0.15650 1.71846e-04
0.15750 1.64254e-04
0.15850 1.71686e-04
0.15950 1.83778e-04
0.16050 1.95050e-04
0.16150 1.94823e-04
0.16250 1.94279e-04
0.16350 1.82850e-04
0.16450 1.92289e-04
0.16550 1.94911e-04
0.16650 1.84656e-04
0.16720 1.73800e-04
0.16770 1.83921e-04
0.16850 2.06736e-04
0.16950 1.90186e-04
0.17050 1.96079e-04
0.17150 1.83130e-04
0.17250 1.76958e-04
0.17350 1.98022e-04
0.17450 1.79896e-04
0.17550 2.05693e-04
0.17650 1.98642e-04
0.17750 1.77445e-04
0.17850 1.95337e-04
0.17950 2.07720e-04
0.18050 1.98460e-04
0.18150 1.96912e-04
0.18250 1.93138e-04
0.18350 1.99696e-04
0.18450 1.89350e-04
0.18550 1.86471e-04
0.18650 1.87522e-04
0.18750 2.02399e-04
0.18850 1.70682e-04
0.18950 1.66106e-04
0.19050 2.00734e-04
0.19150 1.84832e-04
0.19250 1.85688e-04
0.19350 1.99256e-04
0.19450 2.02529e-04
0.19550 1.73935e-04
0.19670 2.02895e-04
0.19760 2.01910e-04
0.19840 1.93500e-04
0.19950 1.95728e-04
0.20050 1.90518e-04
0.20150 2.00122e-04
0.20250 2.03244e-04
0.20350 1.80312e-04
0.20450 1.94065e-04
0.20550 1.99116e-04
0.20650 1.98583e-04
0.20740 2.07737e-04
0.20780 1.86771e-04
0.20850 1.83643e-04
0.20950 1.96238e-04
0.21050 2.03307e-04
0.21150 1.92596e-04
0.21250 2.07413e-04
0.21350 2.02962e-04
0.21450 2.03428e-04
0.21550 2.06985e-04
0.21650 2.05052e-04
0.21750 2.04483e-04
0.21850 2.03416e-04
0.21950 2.07172e-04
0.22050 2.05105e-04
0.22150 2.02517e-04
0.22250 2.00077e-04
0.22350 2.04683e-04
0.22450 2.02093e-04
0.22550 2.00058e-04
0.22650 2.01782e-04
0.22750 2.03775e-04
0.22850 2.05840e-04
0.22950 2.02085e-04
0.23050 2.03212e-04
0.23150 2.01135e-04
0.23250 1.84945e-04
0.23350 1.97803e-04
0.23450 1.95351e-04
0.23550 1.99417e-04
0.23650 1.94718e-04
0.23750 1.96481e-04
0.23850 1.92471e-04
0.23950 1.96559e-04
0.24050 1.93948e-04
0.24150 1.95224e-04
0.24250 1.98579e-04
0.24350 1.95621e-04
0.24450 1.99485e-04
0.24550 1.98876e-04
0.24650 1.98487e-04
0.24750 1.96764e-04
0.24850 1.99690e-04
0.24950 1.95873e-04
0.25050 2.01829e-04
0.25130 1.95975e-04
0.25180 1.99046e-04
0.25250 1.95387e-04
0.25350 1.95282e-04
0.25450 1.94444e-04
0.25550 1.98506e-04
0.25650 1.97632e-04
0.25750 2.01357e-04
0.25850 2.01133e-04
0.25950 2.00800e-04
0.26050 1.98572e-04
0.26150 1.98281e-04
0.26250 2.00549e-04
0.26350 2.01778e-04
0.26450 2.07915e-04
0.26550 2.08364e-04
0.26650 2.04221e-04
0.26750 2.06859e-04
0.26850 2.06666e-04
0.26950 2.03899e-04
0.27050 2.05376e-04
0.27150 2.02917e-04
0.27250 2.02993e-04
0.27350 2.07022e-04
0.27450 1.99056e-04
0.27550 2.00311e-04
0.27650 2.03546e-04
0.27750 2.08681e-04
0.27850 2.09367e-04
0.27950 1.98905e-04
0.28050 2.03817e-04
0.28150 2.11605e-04
0.28250 2.10557e-04
0.28350 2.06277e-04
0.28450 2.04961e-04
0.28550 2.04394e-04
0.28650 2.08082e-04
0.28750 2.07209e-04
0.28850 2.08229e-04
0.28950 2.07644e-04
0.29100 2.12098e-04
0.29300 2.10588e-04
0.29500 2.10262e-04
0.29700 2.11968e-04
0.29900 2.12718e-04
0.30100 2.13997e-04
0.30300 2.14545e-04
0.30500 2.14715e-04
0.30700 2.14971e-04
0.30900 2.15902e-04
0.31100 2.15669e-04
0.31300 2.15502e-04
0.31500 2.16643e-04
0.31700 2.16950e-04
0.31900 2.15030e-04
0.32100 2.18462e-04
0.32300 2.16968e-04
0.32500 2.19081e-04
0.32700 2.20826e-04
0.32900 2.21445e-04
0.33100 2.22390e-04
0.33300 2.22439e-04
0.33500 2.22297e-04
0.33700 2.22163e-04
0.33900 2.23343e-04
0.34100 2.25211e-04
0.34300 2.25259e-04
0.34500 2.24802e-04
0.34700 2.25576e-04
0.34900 2.27160e-04
0.35100 2.29097e-04
0.35300 2.29303e-04
0.35500 2.31452e-04
0.35700 2.29558e-04
0.35900 2.30085e-04
0.36018 2.34709e-04
0.36027 2.31644e-04
0.36036 2.31041e-04
0.36045 2.29908e-04
0.36054 2.28501e-04
0.36063 2.28984e-04
0.36072 2.30440e-04
0.36081 2.30621e-04
0.36090 2.29111e-04
0.36099 2.27996e-04
0.36108 2.28131e-04
0.36117 2.28332e-04
0.36126 2.29574e-04
0.36135 2.27678e-04
0.36144 2.27759e-04
0.36153 2.31313e-04
0.36162 2.33961e-04
0.36171 2.33798e-04
0.36180 2.31077e-04
0.36189 2.26831e-04
0.36198 2.25891e-04
0.36207 2.27926e-04
0.36216 2.30658e-04
0.36225 2.32794e-04
0.36234 2.33506e-04
0.36243 2.33062e-04
0.36252 2.33659e-04
0.36261 2.35712e-04
0.36270 2.38468e-04
0.36279 2.38820e-04
0.36288 2.38383e-04
0.36297 2.36145e-04
0.36306 2.32353e-04
0.36315 2.27700e-04
0.36324 2.25629e-04
0.36333 2.26467e-04
0.36342 2.28878e-04
0.36351 2.29443e-04
0.36360 2.30675e-04
0.36369 2.32215e-04
0.36378 2.32662e-04
0.36387 2.34143e-04
0.36396 2.35360e-04
0.36405 2.34918e-04
0.36414 2.32946e-04
0.36423 2.30306e-04
0.36432 2.27191e-04
0.36441 2.24615e-04
0.36450 2.21991e-04
0.36459 2.20040e-04
0.36468 2.19654e-04
0.36477 2.25771e-04
0.36486 2.26743e-04
0.36495 2.26314e-04
0.36504 2.26033e-04
0.36513 2.25998e-04
0.36522 2.26713e-04
0.36531 2.27746e-04
0.36540 2.28176e-04
0.36549 2.28057e-04
0.36558 2.27801e-04
0.36567 2.27538e-04
0.36576 2.27715e-04
0.36585 2.27706e-04
0.36594 2.27141e-04
0.36603 2.26226e-04
0.36612 2.24722e-04
0.36621 2.24805e-04
0.36630 2.23221e-04
0.36639 2.21584e-04
0.36648 2.21119e-04
0.36657 2.21398e-04
0.36666 2.21622e-04
0.36675 2.20841e-04
0.36684 2.20723e-04
0.36693 2.19042e-04
0.36702 2.17740e-04
0.36711 2.18978e-04
0.36720 2.21657e-04
0.36729 2.22307e-04
0.36738 2.22734e-04
0.36747 2.21666e-04
0.36756 2.22393e-04
0.36765 2.22332e-04
0.36774 2.20190e-04
0.36783 2.18980e-04
0.36792 2.17727e-04
0.36801 2.17324e-04
0.36810 2.18326e-04
0.36819 2.20004e-04
0.36828 2.21218e-04
0.36837 2.21930e-04
0.36846 2.23135e-04
0.36855 2.22314e-04
0.36864 2.19951e-04
0.36873 2.18039e-04
0.36882 2.18425e-04
0.36891 2.22290e-04
0.36901 2.26198e-04
0.36910 2.27821e-04
0.36919 2.28586e-04
0.36928 2.29416e-04
0.36937 2.30392e-04
0.36946 2.31508e-04
0.36955 2.32279e-04
0.36964 2.31473e-04
0.36973 2.29752e-04
0.36982 2.29706e-04
0.36991 2.33912e-04
0.37000 2.39956e-04
0.37009 2.43820e-04
0.37018 2.43432e-04
0.37027 2.39728e-04
0.37036 2.34022e-04
0.37045 2.27838e-04
0.37054 2.24811e-04
0.37063 2.26993e-04
0.37072 2.33881e-04
0.37081 2.40110e-04
0.37090 2.42154e-04
0.37099 2.40705e-04
0.37108 2.38172e-04
0.37117 2.34775e-04
0.37126 2.32468e-04
0.37135 2.35086e-04
0.37144 2.42747e-04
0.37153 2.49788e-04
0.37162 2.53435e-04
0.37171 2.55627e-04
0.37180 2.56610e-04
0.37189 2.54233e-04
0.37198 2.48382e-04
0.37207 2.41738e-04
0.37216 2.41405e-04
0.37225 2.62385e-04
0.37234 3.37281e-04
0.37243 5.07825e-04
0.37252 7.90057e-04
0.37261 1.14346e-03
0.37270 1.48111e-03
0.37279 1.72892e-03
0.37288 1.84752e-03
0.37297 1.78911e-03
0.37306 1.52325e-03
0.37315 1.11746e-03
0.37324 7.20922e-04
0.37333 4.43395e-04
0.37342 2.96192e-04
0.37351 2.39345e-04
0.37360 2.26935e-04
0.37369 2.31788e-04
0.37378 2.41005e-04
0.37387 2.52042e-04
0.37396 2.63343e-04
0.37405 2.71557e-04
0.37414 2.76610e-04
0.37423 2.78413e-04
0.37432 2.76715e-04
0.37441 2.73614e-04
0.37450 2.71325e-04
0.37459 2.67116e-04
0.37468 2.61733e-04
0.37477 2.55518e-04
0.37486 2.47235e-04
0.37495 2.36648e-04
0.37504 2.29581e-04
0.37513 2.31595e-04
0.37522 2.40665e-04
0.37531 2.52640e-04
0.37540 2.63084e-04
0.37549 2.72598e-04
0.37558 2.81135e-04
0.37567 2.86241e-04
0.37576 2.85852e-04
0.37585 2.82501e-04
0.37594 2.81332e-04
0.37603 2.83596e-04
0.37612 2.86450e-04
0.37621 2.87811e-04
0.37630 2.88156e-04
0.37639 2.86985e-04
0.37648 2.84758e-04
0.37657 2.82783e-04
0.37666 2.78476e-04
0.37675 2.70252e-04
0.37684 2.62332e-04
0.37693 2.56106e-04
0.37702 2.48523e-04
0.37711 2.41606e-04
0.37720 2.41042e-04
0.37729 2.51458e-04
0.37738 2.63069e-04
0.37747 2.71899e-04
0.37756 2.78671e-04
0.37765 2.85114e-04
0.37774 2.92140e-04
0.37783 2.98295e-04
0.37792 3.03200e-04
0.37801 3.08583e-04
0.37810 3.13545e-04
0.37819 3.16696e-04
0.37828 3.17967e-04
0.37837 3.18613e-04
0.37846 3.20294e-04
0.37855 3.20686e-04
0.37864 3.16510e-04
0.37873 3.10456e-04
0.37882 3.06840e-04
0.37891 3.05024e-04
0.37900 3.02981e-04
0.37909 3.00966e-04
0.37918 2.99574e-04
0.37927 2.96943e-04
0.37936 2.91552e-04
0.37945 2.86026e-04
0.37954 2.83956e-04
0.37963 2.89295e-04
0.37972 3.01636e-04
0.37981 3.13581e-04
0.37990 3.18302e-04
0.37999 3.15336e-04
0.38008 3.07738e-04
0.38017 3.00412e-04
0.38026 2.97323e-04
0.38035 2.99919e-04
0.38044 3.05672e-04
0.38053 3.10543e-04
0.38062 3.13382e-04
0.38071 3.14566e-04
0.38080 3.17038e-04
0.38089 3.23005e-04
0.38098 3.30848e-04
0.38107 3.36481e-04
0.38116 3.39088e-04
0.38125 3.38130e-04
0.38134 3.33658e-04
0.38143 3.28949e-04
0.38152 3.26490e-04
0.38161 3.25865e-04
0.38170 3.27060e-04
0.38179 3.29400e-04
0.38188 3.29493e-04
0.38197 3.24087e-04
0.38206 3.17087e-04
0.38215 3.14817e-04
0.38224 3.18281e-04
0.38233 3.21324e-04
0.38242 3.18654e-04
0.38251 3.11880e-04
0.38260 3.06248e-04
0.38269 3.03210e-04
0.38278 3.00199e-04
0.38287 2.95673e-04
0.38296 2.90478e-04
0.38305 2.85924e-04
0.38314 2.82434e-04
0.38323 2.80072e-04
0.38332 2.82453e-04
0.38341 2.95051e-04
0.38350 3.16831e-04
0.38359 3.36847e-04
0.38368 3.42359e-04
0.38377 3.32800e-04
0.38386 3.11528e-04
0.38395 2.94215e-04
0.38404 2.87843e-04
0.38413 2.89415e-04
0.38422 2.96760e-04
0.38431 3.06845e-04
0.38440 3.14775e-04
0.38449 3.19782e-04
0.38458 3.23722e-04
0.38467 3.27835e-04
0.38476 3.32514e-04
0.38485 3.37463e-04
0.38494 3.39824e-04
0.38503 3.39269e-04
0.38512 3.41358e-04
0.38521 3.46988e-04
0.38530 3.51048e-04
0.38539 3.51593e-04
0.38548 3.50670e-04
0.38557 3.48596e-04
0.38566 3.46185e-04
0.38575 3.47775e-04
0.38584 3.51904e-04
0.38593 3.51764e-04
0.38602 3.49407e-04
0.38611 3.50794e-04
0.38620 3.54056e-04
0.38629 3.56241e-04
0.38638 3.57884e-04
0.38647 3.61000e-04
0.38656 3.69189e-04
0.38665 3.90780e-04
0.38674 4.34376e-04
0.38683 4.95420e-04
0.38692 5.47234e-04
0.38701 5.59000e-04
0.38710 5.22386e-04
0.38719 4.57737e-04
0.38728 3.98058e-04
0.38737 3.61494e-04
0.38746 3.47831e-04
0.38755 3.44783e-04
0.38764 3.43188e-04
0.38773 3.38364e-04
0.38782 3.30187e-04
0.38791 3.21843e-04
0.38800 3.19111e-04
0.38809 3.19682e-04
0.38818 3.16726e-04
0.38827 3.09246e-04
0.38836 3.02436e-04
0.38845 3.00119e-04
0.38854 3.02749e-04
0.38863 3.15455e-04
0.38872 3.54931e-04
0.38881 4.24161e-04
0.38890 4.96268e-04
0.38899 5.28337e-04
0.38908 5.03452e-04
0.38917 4.37581e-04
0.38926 3.68707e-04
0.38935 3.22940e-04
0.38944 3.03047e-04
0.38953 2.98420e-04
0.38962 3.01022e-04
0.38971 3.07301e-04
0.38980 3.14293e-04
0.38989 3.19089e-04
0.38998 3.21551e-04
0.39007 3.24590e-04
0.39016 3.31057e-04
0.39025 3.37903e-04
0.39034 3.40738e-04
0.39043 3.41896e-04
0.39052 3.44077e-04
0.39061 3.44927e-04
0.39070 3.45769e-04
0.39079 3.50393e-04
0.39088 3.57163e-04
0.39097 3.62488e-04
0.39106 3.65944e-04
0.39115 3.67861e-04
0.39124 3.68274e-04
0.39133 3.66659e-04
0.39142 3.63680e-04
0.39151 3.62907e-04
0.39160 3.64270e-04
0.39169 3.64016e-04
0.39178 3.62455e-04
0.39187 3.61087e-04
0.39196 3.58999e-04
0.39205 3.56245e-04
0.39214 3.55224e-04
0.39223 3.56882e-04
0.39232 3.58567e-04
0.39241 3.59458e-04
0.39250 3.59792e-04
0.39259 3.58296e-04
0.39268 3.54371e-04
0.39277 3.50528e-04
0.39286 3.47518e-04
0.39295 3.44850e-04
0.39304 3.41897e-04
0.39313 3.37264e-04
0.39322 3.29471e-04
0.39331 3.16820e-04
0.39340 3.02915e-04
0.39349 2.99479e-04
0.39358 3.10920e-04
0.39367 3.27230e-04
0.39376 3.39009e-04
0.39385 3.45691e-04
0.39394 3.50323e-04
0.39403 3.55088e-04
0.39412 3.58005e-04
0.39421 3.58321e-04
0.39430 3.57510e-04
0.39439 3.55656e-04
0.39448 3.53801e-04
0.39457 3.55023e-04
0.39466 3.59775e-04
0.39475 3.62326e-04
0.39484 3.60484e-04
0.39493 3.58253e-04
0.39502 3.58573e-04
0.39511 3.60022e-04
0.39520 3.58956e-04
0.39529 3.54911e-04
0.39538 3.52125e-04
0.39547 3.52465e-04
0.39556 3.51270e-04
0.39565 3.45585e-04
0.39574 3.38548e-04
0.39583 3.34947e-04
0.39592 3.33864e-04
0.39601 3.31715e-04
0.39610 3.25683e-04
0.39619 3.16147e-04
0.39628 3.07239e-04
0.39637 3.01421e-04
0.39646 2.98593e-04
0.39655 3.00257e-04
0.39664 3.11170e-04
0.39673 3.34867e-04
0.39682 3.70885e-04
0.39691 4.17647e-04
0.39700 4.62887e-04
0.39709 4.84274e-04
0.39718 4.66414e-04
0.39727 4.12798e-04
0.39736 3.51547e-04
0.39745 3.09122e-04
0.39754 2.92920e-04
0.39763 2.92774e-04
0.39772 2.98365e-04
0.39781 3.05044e-04
0.39790 3.12679e-04
0.39799 3.20589e-04
0.39808 3.27642e-04
0.39817 3.31742e-04
0.39826 3.33230e-04
0.39835 3.35014e-04
0.39844 3.38592e-04
0.39853 3.43350e-04
0.39862 3.48071e-04
0.39871 3.51574e-04
0.39880 3.55400e-04
0.39889 3.60149e-04
0.39898 3.62832e-04
0.39907 3.63144e-04
0.39916 3.63967e-04
0.39925 3.66572e-04
0.39934 3.69614e-04
0.39943 3.70813e-04
0.39952 3.69783e-04
0.39961 3.67735e-04
0.39970 3.65993e-04
0.39979 3.64456e-04
0.39988 3.64286e-04
0.39997 3.67833e-04
0.40006 3.73150e-04
0.40015 3.75608e-04
0.40024 3.75100e-04
0.40033 3.74946e-04
0.40042 3.75208e-04
0.40051 3.72188e-04
0.40060 3.66544e-04
0.40069 3.64932e-04
0.40078 3.69070e-04
0.40087 3.73681e-04
0.40096 3.74831e-04
0.40105 3.74395e-04
0.40114 3.75117e-04
0.40123 3.75788e-04
0.40132 3.75559e-04
0.40141 3.76182e-04
0.40150 3.77635e-04
0.40159 3.79409e-04
0.40168 3.80587e-04
0.40177 3.79366e-04
0.40186 3.78281e-04
0.40195 3.80731e-04
0.40204 3.83732e-04
0.40213 3.83526e-04
0.40222 3.81150e-04
0.40231 3.79353e-04
0.40240 3.77318e-04
0.40249 3.72890e-04
0.40258 3.68012e-04
0.40267 3.67448e-04
0.40276 3.70834e-04
0.40285 3.75747e-04
0.40294 3.78924e-04
0.40303 3.77080e-04
0.40312 3.70998e-04
0.40321 3.66958e-04
0.40330 3.66951e-04
0.40339 3.68035e-04
0.40348 3.69966e-04
0.40357 3.73101e-04
0.40366 3.77255e-04
0.40375 3.81751e-04
0.40384 3.85187e-04
0.40393 3.86349e-04
0.40402 3.85268e-04
0.40411 3.82844e-04
0.40420 3.81100e-04
0.40429 3.82209e-04
0.40438 3.83045e-04
0.40447 3.79022e-04
0.40456 3.70852e-04
0.40465 3.65373e-04
0.40474 3.68349e-04
0.40483 3.76614e-04
0.40492 3.81512e-04
0.40501 3.82641e-04
0.40510 3.83888e-04
0.40519 3.84417e-04
0.40528 3.82630e-04
0.40537 3.79669e-04
0.40546 3.77175e-04
0.40555 3.75711e-04
0.40564 3.75931e-04
0.40573 3.76207e-04
0.40582 3.74519e-04
0.40591 3.73567e-04
0.40600 3.76179e-04
0.40609 3.79915e-04
0.40618 3.81069e-04
0.40627 3.77549e-04
0.40636 3.70253e-04
0.40645 3.65615e-04
0.40654 3.69618e-04
0.40663 3.78879e-04
0.40672 3.87163e-04
0.40681 3.95674e-04
0.40690 4.05963e-04
0.40699 4.12115e-04
0.40708 4.06440e-04
0.40717 3.90334e-04
0.40726 3.75493e-04
0.40736 3.71760e-04
0.40745 3.75586e-04
0.40754 3.78654e-04
0.40763 3.77078e-04
0.40772 3.70890e-04
0.40781 3.63691e-04
0.40790 3.60609e-04
0.40799 3.62923e-04
0.40808 3.67083e-04
0.40817 3.69895e-04
0.40826 3.70313e-04
0.40835 3.67090e-04
0.40844 3.62499e-04
0.40853 3.58921e-04
0.40862 3.56953e-04
0.40871 3.56623e-04
0.40880 3.57837e-04
0.40889 3.59312e-04
0.40898 3.58593e-04
0.40907 3.55507e-04
0.40916 3.51496e-04
0.40925 3.46966e-04
0.40934 3.42231e-04
0.40943 3.38505e-04
0.40952 3.34200e-04
0.40961 3.26522e-04
0.40970 3.18380e-04
0.40979 3.16122e-04
0.40988 3.30026e-04
0.40997 3.75076e-04
0.41006 4.62646e-04
0.41015 5.74099e-04
0.41024 6.57302e-04
0.41033 6.65568e-04
0.41042 5.92622e-04
0.41051 4.80417e-04
0.41060 3.85081e-04
0.41069 3.33821e-04
0.41078 3.15202e-04
0.41087 3.12063e-04
0.41096 3.13544e-04
0.41105 3.15115e-04
0.41114 3.16984e-04
0.41123 3.20992e-04
0.41132 3.26242e-04
0.41141 3.32130e-04
0.41150 3.37847e-04
0.41159 3.42518e-04
0.41168 3.46054e-04
0.41177 3.48508e-04
0.41186 3.48230e-04
0.41195 3.45964e-04
0.41204 3.45972e-04
0.41213 3.49086e-04
0.41222 3.51546e-04
0.41231 3.53028e-04
0.41240 3.55206e-04
0.41249 3.59402e-04
0.41258 3.64037e-04
0.41267 3.65908e-04
0.41276 3.64342e-04
0.41285 3.61012e-04
0.41294 3.59912e-04
0.41303 3.61905e-04
0.41312 3.63438e-04
0.41321 3.61860e-04
0.41330 3.59803e-04
0.41339 3.60607e-04
0.41348 3.63913e-04
0.41357 3.68062e-04
0.41366 3.72657e-04
0.41375 3.75159e-04
0.41384 3.75445e-04
0.41393 3.76659e-04
0.41402 3.78678e-04
0.41411 3.79558e-04
0.41420 3.78348e-04
0.41429 3.72999e-04
0.41438 3.63846e-04
0.41447 3.57833e-04
0.41456 3.60731e-04
0.41465 3.68285e-04
0.41474 3.73957e-04
0.41483 3.76653e-04
0.41492 3.77298e-04
0.41501 3.75903e-04
0.41510 3.74297e-04
0.41519 3.74631e-04
0.41528 3.75405e-04
0.41537 3.74803e-04
0.41546 3.73114e-04
0.41555 3.71844e-04
0.41564 3.72242e-04
0.41573 3.72801e-04
0.41582 3.73539e-04
0.41591 3.75894e-04
0.41600 3.78504e-04
0.41609 3.79199e-04
0.41618 3.77883e-04
0.41627 3.77745e-04
0.41636 3.79726e-04
0.41645 3.80784e-04
0.41654 3.80457e-04
0.41663 3.80309e-04
0.41672 3.79285e-04
0.41681 3.76786e-04
0.41690 3.76063e-04
0.41699 3.77963e-04
0.41708 3.78614e-04
0.41717 3.75282e-04
0.41726 3.68764e-04
0.41735 3.62898e-04
0.41744 3.62027e-04
0.41753 3.66108e-04
0.41762 3.70821e-04
0.41771 3.72528e-04
0.41780 3.70431e-04
0.41789 3.67040e-04
0.41798 3.67123e-04
0.41807 3.71465e-04
0.41816 3.75311e-04
0.41825 3.75156e-04
0.41834 3.74304e-04
0.41843 3.75349e-04
0.41852 3.77361e-04
0.41861 3.79753e-04
0.41870 3.79483e-04
0.41879 3.75032e-04
0.41888 3.72137e-04
0.41897 3.75224e-04
0.41906 3.79238e-04
0.41915 3.79220e-04
0.41924 3.77619e-04
0.41933 3.79703e-04
0.41942 3.83737e-04
0.41951 3.84285e-04
0.41960 3.80361e-04
0.41969 3.75609e-04
0.41978 3.72912e-04
0.41987 3.70209e-04
0.41996 3.68041e-04
0.42005 3.70211e-04
0.42014 3.73765e-04
0.42023 3.73369e-04
0.42032 3.71676e-04
0.42041 3.72913e-04
0.42050 3.74735e-04
0.42059 3.75297e-04
0.42068 3.76715e-04
0.42077 3.79110e-04
0.42086 3.80998e-04
0.42095 3.81434e-04
0.42104 3.80260e-04
0.42113 3.79282e-04
0.42122 3.80489e-04
0.42131 3.82554e-04
0.42140 3.82572e-04
0.42149 3.79053e-04
0.42158 3.72060e-04
0.42167 3.67375e-04
0.42176 3.71136e-04
0.42185 3.79394e-04
0.42194 3.84062e-04
0.42203 3.84988e-04
0.42212 3.85243e-04
0.42221 3.85503e-04
0.42230 3.83734e-04
0.42239 3.79896e-04
0.42248 3.75329e-04
0.42257 3.69847e-04
0.42266 3.62544e-04
0.42275 3.56025e-04
0.42284 3.57293e-04
0.42293 3.67701e-04
0.42302 3.78215e-04
0.42311 3.83370e-04
0.42320 3.84739e-04
0.42329 3.81243e-04
0.42338 3.74130e-04
0.42347 3.71021e-04
0.42356 3.73676e-04
0.42365 3.74891e-04
0.42374 3.74190e-04
0.42383 3.75180e-04
0.42392 3.76145e-04
0.42401 3.75870e-04
0.42410 3.76878e-04
0.42419 3.79523e-04
0.42428 3.81000e-04
0.42437 3.81105e-04
0.42446 3.83098e-04
0.42455 3.85920e-04
0.42464 3.84991e-04
0.42473 3.80077e-04
0.42482 3.75992e-04
0.42491 3.75904e-04
0.42500 3.76650e-04
0.42509 3.74246e-04
0.42518 3.72089e-04
0.42527 3.74558e-04
0.42536 3.77458e-04
0.42545 3.76099e-04
0.42554 3.73182e-04
0.42563 3.74139e-04
0.42572 3.78889e-04
0.42581 3.82128e-04
0.42590 3.80289e-04
0.42599 3.75632e-04
0.42608 3.70967e-04
0.42617 3.68205e-04
0.42626 3.70859e-04
0.42635 3.77686e-04
0.42644 3.83564e-04
0.42653 3.86167e-04
0.42662 3.87084e-04
0.42671 3.86477e-04
0.42680 3.82978e-04
0.42689 3.78706e-04
0.42698 3.76643e-04
0.42707 3.74834e-04
0.42716 3.69649e-04
0.42725 3.63092e-04
0.42734 3.62229e-04
0.42743 3.65934e-04
0.42752 3.67085e-04
0.42761 3.67122e-04
0.42770 3.71417e-04
0.42779 3.77391e-04
0.42788 3.81034e-04
0.42797 3.81970e-04
0.42806 3.79966e-04
0.42815 3.76785e-04
0.42824 3.75097e-04
0.42833 3.74508e-04
0.42842 3.74554e-04
0.42851 3.75111e-04
0.42860 3.74606e-04
0.42869 3.73866e-04
0.42878 3.74034e-04
0.42887 3.73339e-04
0.42896 3.68636e-04
0.42905 3.61212e-04
0.42914 3.58728e-04
0.42923 3.64128e-04
0.42932 3.71711e-04
0.42941 3.74645e-04
0.42950 3.72256e-04
0.42959 3.69829e-04
0.42968 3.69950e-04
0.42977 3.69915e-04
0.42986 3.67941e-04
0.42995 3.62358e-04
0.43004 3.54933e-04
0.43013 3.51743e-04
0.43022 3.53614e-04
0.43031 3.54891e-04
0.43040 3.55340e-04
0.43049 3.58126e-04
0.43058 3.60793e-04
0.43067 3.60249e-04
0.43076 3.57400e-04
0.43085 3.53120e-04
0.43094 3.50467e-04
0.43103 3.52723e-04
0.43112 3.57985e-04
0.43121 3.62035e-04
0.43130 3.62418e-04
0.43139 3.60079e-04
0.43148 3.57092e-04
0.43157 3.56632e-04
0.43166 3.62467e-04
0.43175 3.70564e-04
0.43184 3.73551e-04
0.43193 3.71629e-04
0.43202 3.68463e-04
0.43211 3.64713e-04
0.43220 3.61341e-04
0.43229 3.60668e-04
0.43238 3.59338e-04
0.43247 3.53039e-04
0.43256 3.42774e-04
0.43265 3.33832e-04
0.43274 3.33272e-04
0.43283 3.40804e-04
0.43292 3.48180e-04
0.43301 3.48989e-04
0.43310 3.44041e-04
0.43319 3.38377e-04
0.43328 3.35349e-04
0.43337 3.33051e-04
0.43346 3.29535e-04
0.43355 3.27569e-04
0.43364 3.32476e-04
0.43373 3.56214e-04
0.43382 4.31011e-04
0.43391 5.96658e-04
0.43400 8.38120e-04
0.43409 1.05635e-03
0.43418 1.12633e-03
0.43427 1.00697e-03
0.43436 7.71877e-04
0.43445 5.43384e-04
0.43454 3.97013e-04
0.43463 3.35762e-04
0.43472 3.19753e-04
0.43481 3.17621e-04
0.43490 3.20978e-04
0.43499 3.26877e-04
0.43508 3.29261e-04
0.43517 3.25072e-04
0.43526 3.19245e-04
0.43535 3.21316e-04
0.43544 3.31172e-04
0.43553 3.39882e-04
0.43562 3.45047e-04
0.43571 3.49693e-04
0.43580 3.53973e-04
0.43589 3.54964e-04
0.43598 3.53350e-04
0.43607 3.54139e-04
0.43616 3.59576e-04
0.43625 3.66580e-04
0.43634 3.71250e-04
0.43643 3.73567e-04
0.43652 3.76203e-04
0.43661 3.78497e-04
0.43670 3.77160e-04
0.43679 3.71722e-04
0.43688 3.66959e-04
0.43697 3.67055e-04
0.43706 3.70270e-04
0.43715 3.72844e-04
0.43724 3.74669e-04
0.43733 3.75687e-04
0.43742 3.72779e-04
0.43751 3.66374e-04
0.43760 3.62334e-04
0.43769 3.65461e-04
0.43778 3.73464e-04
0.43787 3.80166e-04
0.43796 3.82121e-04
0.43805 3.80591e-04
0.43814 3.78967e-04
0.43823 3.77412e-04
0.43832 3.70973e-04
0.43841 3.58746e-04
0.43850 3.49271e-04
0.43859 3.50275e-04
0.43868 3.59267e-04
0.43877 3.66423e-04
0.43886 3.67577e-04
0.43895 3.67059e-04
0.43904 3.67878e-04
0.43913 3.68228e-04
0.43922 3.69607e-04
0.43931 3.73707e-04
0.43940 3.76317e-04
0.43949 3.73345e-04
0.43958 3.68469e-04
0.43967 3.69664e-04
0.43976 3.77346e-04
0.43985 3.82818e-04
0.43994 3.81845e-04
0.44003 3.76683e-04
0.44012 3.71342e-04
0.44021 3.71229e-04
0.44030 3.77063e-04
0.44039 3.80294e-04
0.44048 3.74901e-04
0.44057 3.67396e-04
0.44066 3.67809e-04
0.44075 3.73178e-04
0.44084 3.74260e-04
0.44093 3.72115e-04
0.44102 3.73582e-04
0.44111 3.78556e-04
0.44120 3.82314e-04
0.44129 3.84295e-04
0.44138 3.85145e-04
0.44147 3.81541e-04
0.44156 3.72226e-04
0.44165 3.65130e-04
0.44174 3.65131e-04
0.44183 3.68614e-04
0.44192 3.73661e-04
0.44201 3.79977e-04
0.44210 3.84088e-04
0.44219 3.83149e-04
0.44228 3.78320e-04
0.44237 3.74607e-04
0.44246 3.75748e-04
0.44255 3.78939e-04
0.44264 3.79853e-04
0.44273 3.78695e-04
0.44282 3.77630e-04
0.44291 3.78451e-04
0.44300 3.79106e-04
0.44309 3.75974e-04
0.44318 3.73805e-04
0.44327 3.76479e-04
0.44336 3.78312e-04
0.44345 3.75344e-04
0.44354 3.70232e-04
0.44363 3.67754e-04
0.44372 3.70893e-04
0.44381 3.77579e-04
0.44390 3.83400e-04
0.44399 3.86889e-04
0.44408 3.86910e-04
0.44417 3.82748e-04
0.44426 3.76112e-04
0.44435 3.69495e-04
0.44444 3.66587e-04
0.44453 3.70319e-04
0.44462 3.78530e-04
0.44471 3.83784e-04
0.44480 3.83338e-04
0.44489 3.82534e-04
0.44498 3.83284e-04
0.44507 3.81543e-04
0.44516 3.78911e-04
0.44525 3.79739e-04
0.44534 3.81609e-04
0.44544 3.80003e-04
0.44553 3.74531e-04
0.44562 3.69208e-04
0.44571 3.69218e-04
0.44580 3.72765e-04
0.44589 3.74090e-04
0.44598 3.72719e-04
0.44607 3.71805e-04
0.44616 3.70828e-04
0.44625 3.68254e-04
0.44634 3.68634e-04
0.44643 3.73829e-04
0.44652 3.77296e-04
0.44661 3.76653e-04
0.44670 3.75675e-04
0.44679 3.76734e-04
0.44688 3.81360e-04
0.44697 3.92285e-04
0.44706 4.15244e-04
0.44715 4.44480e-04
0.44724 4.64521e-04
0.44733 4.65327e-04
0.44742 4.49526e-04
0.44751 4.24864e-04
0.44760 4.03174e-04
0.44769 3.90046e-04
0.44778 3.86759e-04
0.44787 3.87774e-04
0.44796 3.85718e-04
0.44805 3.77311e-04
0.44814 3.64687e-04
0.44823 3.56282e-04
0.44832 3.58997e-04
0.44841 3.69866e-04
0.44850 3.80072e-04
0.44859 3.85424e-04
0.44868 3.87676e-04
0.44877 3.87429e-04
0.44886 3.83811e-04
0.44895 3.77671e-04
0.44904 3.72559e-04
0.44913 3.72034e-04
0.44922 3.75760e-04
0.44931 3.80665e-04
0.44940 3.82638e-04
0.44949 3.79924e-04
0.44958 3.76071e-04
0.44967 3.75323e-04
0.44976 3.77204e-04
0.44985 3.80708e-04
0.44994 3.84482e-04
0.45003 3.85885e-04
0.45012 3.83668e-04
0.45021 3.79144e-04
0.45030 3.78605e-04
0.45039 3.85059e-04
0.45048 3.92206e-04
0.45057 3.94307e-04
0.45066 3.92707e-04
0.45075 3.89463e-04
0.45084 3.85733e-04
0.45093 3.83867e-04
0.45102 3.85595e-04
0.45111 3.89101e-04
0.45120 3.90811e-04
0.45129 3.89071e-04
0.45138 3.86138e-04
0.45147 3.83271e-04
0.45156 3.80452e-04
0.45165 3.79637e-04
0.45174 3.81907e-04
0.45183 3.83237e-04
0.45192 3.82149e-04
0.45201 3.81670e-04
0.45210 3.83112e-04
0.45219 3.85058e-04
0.45228 3.84007e-04
0.45237 3.79207e-04
0.45246 3.77393e-04
0.45255 3.78990e-04
0.45264 3.78649e-04
0.45273 3.76164e-04
0.45282 3.73332e-04
0.45291 3.70511e-04
0.45300 3.68648e-04
0.45309 3.69721e-04
0.45318 3.72485e-04
0.45327 3.75651e-04
0.45336 3.76655e-04
0.45345 3.72596e-04
0.45354 3.68040e-04
0.45363 3.68213e-04
0.45372 3.74287e-04
0.45381 3.83419e-04
0.45390 3.88460e-04
0.45399 3.86762e-04
0.45408 3.82116e-04
0.45417 3.77923e-04
0.45426 3.77232e-04
0.45435 3.80647e-04
0.45444 3.83516e-04
0.45453 3.81595e-04
0.45462 3.78365e-04
0.45471 3.78714e-04
0.45480 3.80456e-04
0.45489 3.78612e-04
0.45498 3.71560e-04
0.45507 3.66208e-04
0.45516 3.70141e-04
0.45525 3.76918e-04
0.45534 3.77313e-04
0.45543 3.73246e-04
0.45552 3.69228e-04
0.45561 3.67618e-04
0.45570 3.70671e-04
0.45579 3.77277e-04
0.45588 3.81739e-04
0.45597 3.82650e-04
0.45606 3.83534e-04
0.45615 3.85075e-04
0.45624 3.86571e-04
0.45633 3.85824e-04
0.45642 3.81003e-04
0.45651 3.75663e-04
0.45660 3.74215e-04
0.45669 3.76742e-04
0.45678 3.81679e-04
0.45687 3.85808e-04
0.45696 3.87003e-04
0.45705 3.86853e-04
0.45714 3.84508e-04
0.45723 3.78061e-04
0.45732 3.75152e-04
0.45741 3.80753e-04
0.45750 3.86013e-04
0.45759 3.85060e-04
0.45768 3.82938e-04
0.45777 3.83552e-04
0.45786 3.84781e-04
0.45795 3.83708e-04
0.45804 3.79832e-04
0.45813 3.76226e-04
0.45822 3.75393e-04
0.45831 3.76029e-04
0.45840 3.74628e-04
0.45849 3.72978e-04
0.45858 3.74990e-04
0.45867 3.77633e-04
0.45876 3.78497e-04
0.45885 3.79703e-04
0.45894 3.81466e-04
0.45903 3.82970e-04
0.45912 3.82719e-04
0.45921 3.80068e-04
0.45930 3.77169e-04
0.45939 3.77315e-04
0.45948 3.79149e-04
0.45957 3.79462e-04
0.45966 3.78917e-04
0.45975 3.79383e-04
0.45984 3.80511e-04
0.45993 3.81861e-04
0.46002 3.83152e-04
0.46011 3.81711e-04
0.46020 3.79138e-04
0.46029 3.79732e-04
0.46038 3.81608e-04
0.46047 3.82606e-04
0.46056 3.82405e-04
0.46065 3.81355e-04
0.46074 3.81857e-04
0.46083 3.84698e-04
0.46092 3.89106e-04
0.46101 3.92554e-04
0.46110 3.92554e-04
0.46119 3.89951e-04
0.46128 3.87568e-04
0.46137 3.86137e-04
0.46146 3.85339e-04
0.46155 3.86467e-04
0.46164 3.87276e-04
0.46173 3.86035e-04
0.46182 3.85921e-04
0.46191 3.85927e-04
0.46200 3.83011e-04
0.46209 3.81315e-04
0.46218 3.84461e-04
0.46227 3.88217e-04
0.46236 3.89474e-04
0.46245 3.89936e-04
0.46254 3.89919e-04
0.46263 3.88004e-04
0.46272 3.86484e-04
0.46281 3.87204e-04
0.46290 3.86810e-04
0.46299 3.83037e-04
0.46308 3.80654e-04
0.46317 3.84159e-04
0.46326 3.88992e-04
0.46335 3.88183e-04
0.46344 3.83382e-04
0.46353 3.80840e-04
0.46362 3.81920e-04
0.46371 3.83609e-04
0.46380 3.83403e-04
0.46389 3.81744e-04
0.46398 3.80814e-04
0.46407 3.80473e-04
0.46416 3.81353e-04
0.46425 3.84235e-04
0.46434 3.86082e-04
0.46443 3.85418e-04
0.46452 3.84593e-04
0.46461 3.83104e-04
0.46470 3.78805e-04
0.46479 3.74417e-04
0.46488 3.73699e-04
0.46497 3.75954e-04
0.46506 3.79456e-04
0.46515 3.82887e-04
0.46524 3.84711e-04
0.46533 3.86163e-04
0.46542 3.87297e-04
0.46551 3.85128e-04
0.46560 3.81078e-04
0.46569 3.78941e-04
0.46578 3.79431e-04
0.46587 3.83668e-04
0.46596 3.90448e-04
0.46605 3.95161e-04
0.46614 3.95308e-04
0.46623 3.91679e-04
0.46632 3.86473e-04
0.46641 3.82623e-04
0.46650 3.82038e-04
0.46659 3.83208e-04
0.46668 3.80983e-04
0.46677 3.74054e-04
0.46686 3.68480e-04
0.46695 3.69344e-04
0.46704 3.74092e-04
0.46713 3.79189e-04
0.46722 3.83809e-04
0.46731 3.85984e-04
0.46740 3.85145e-04
0.46749 3.83886e-04
0.46758 3.84189e-04
0.46767 3.86732e-04
0.46776 3.89452e-04
0.46785 3.88982e-04
0.46794 3.85849e-04
0.46803 3.83238e-04
0.46812 3.81876e-04
0.46821 3.80966e-04
0.46830 3.81241e-04
0.46839 3.83844e-04
0.46848 3.86964e-04
0.46857 3.87946e-04
0.46866 3.87773e-04
0.46875 3.87301e-04
0.46884 3.86026e-04
0.46893 3.85408e-04
0.46902 3.86179e-04
0.46911 3.86150e-04
0.46920 3.84640e-04
0.46929 3.84128e-04
0.46938 3.85436e-04
0.46947 3.86657e-04
0.46956 3.88224e-04
0.46965 3.90539e-04
0.46974 3.91269e-04
0.46983 3.88296e-04
0.46992 3.82696e-04
0.47001 3.79010e-04
0.47010 3.79920e-04
0.47019 3.81671e-04
0.47028 3.80954e-04
0.47037 3.78581e-04
0.47046 3.77955e-04
0.47055 3.80894e-04
0.47064 3.83780e-04
0.47073 3.83257e-04
0.47082 3.80066e-04
0.47091 3.77391e-04
0.47100 3.76641e-04
0.47109 3.77992e-04
0.47118 3.82081e-04
0.47127 3.85271e-04
0.47136 3.84115e-04
0.47145 3.80405e-04
0.47154 3.77446e-04
0.47163 3.78465e-04
0.47172 3.83329e-04
0.47181 3.87676e-04
0.47190 3.88969e-04
0.47199 3.89937e-04
0.47208 3.91435e-04
0.47217 3.91989e-04
0.47226 3.90747e-04
0.47235 3.88667e-04
0.47244 3.88545e-04
0.47253 3.91200e-04
0.47262 3.93318e-04
0.47271 3.91767e-04
0.47280 3.85682e-04
0.47289 3.79184e-04
0.47298 3.77151e-04
0.47307 3.78230e-04
0.47316 3.78703e-04
0.47325 3.79287e-04
0.47334 3.82092e-04
0.47343 3.84958e-04
0.47352 3.86536e-04
0.47361 3.87682e-04
0.47370 3.86182e-04
0.47379 3.82931e-04
0.47388 3.83827e-04
0.47397 3.87965e-04
0.47406 3.88922e-04
0.47415 3.86567e-04
0.47424 3.85084e-04
0.47433 3.86147e-04
0.47442 3.88320e-04
0.47451 3.89145e-04
0.47460 3.88012e-04
0.47469 3.88108e-04
0.47478 3.90150e-04
0.47487 3.90680e-04
0.47496 3.89589e-04
0.47505 3.89724e-04
0.47514 3.90856e-04
0.47523 3.90656e-04
0.47532 3.88626e-04
0.47541 3.86844e-04
0.47550 3.85482e-04
0.47559 3.84429e-04
0.47568 3.84098e-04
0.47577 3.84339e-04
0.47586 3.85329e-04
0.47595 3.86454e-04
0.47604 3.87930e-04
0.47613 3.88929e-04
0.47622 3.86690e-04
0.47631 3.81612e-04
0.47640 3.78353e-04
0.47649 3.77985e-04
0.47658 3.77725e-04
0.47667 3.76942e-04
0.47676 3.77566e-04
0.47685 3.80645e-04
0.47694 3.84137e-04
0.47703 3.87271e-04
0.47712 3.88819e-04
0.47721 3.86561e-04
0.47730 3.83436e-04
0.47739 3.83808e-04
0.47748 3.87519e-04
0.47757 3.90999e-04
0.47766 3.91043e-04
0.47775 3.89973e-04
0.47784 3.90847e-04
0.47793 3.91085e-04
0.47802 3.88789e-04
0.47811 3.86958e-04
0.47820 3.87691e-04
0.47829 3.88009e-04
0.47838 3.85633e-04
0.47847 3.83624e-04
0.47856 3.85073e-04
0.47865 3.85734e-04
0.47874 3.82932e-04
0.47883 3.81910e-04
0.47892 3.83408e-04
0.47901 3.82916e-04
0.47910 3.82134e-04
0.47919 3.83530e-04
0.47928 3.85162e-04
0.47937 3.86981e-04
0.47946 3.90325e-04
0.47955 3.93684e-04
0.47964 3.94566e-04
0.47973 3.92800e-04
0.47982 3.89905e-04
0.47991 3.86485e-04
0.48000 3.83259e-04
0.48009 3.82116e-04
0.48018 3.83912e-04
0.48027 3.87941e-04
0.48036 3.90938e-04
0.48045 3.90410e-04
0.48054 3.86592e-04
0.48063 3.82791e-04
0.48072 3.82467e-04
0.48081 3.83290e-04
0.48090 3.83036e-04
0.48099 3.83551e-04
0.48108 3.85183e-04
0.48117 3.85850e-04
0.48126 3.85234e-04
0.48135 3.84881e-04
0.48144 3.85317e-04
0.48153 3.86054e-04
0.48162 3.86484e-04
0.48171 3.87085e-04
0.48180 3.88409e-04
0.48189 3.89541e-04
0.48198 3.90294e-04
0.48207 3.90396e-04
0.48216 3.89484e-04
0.48225 3.88426e-04
0.48234 3.84892e-04
0.48243 3.77644e-04
0.48252 3.73768e-04
0.48261 3.77412e-04
0.48270 3.83076e-04
0.48279 3.84944e-04
0.48288 3.83176e-04
0.48297 3.80920e-04
0.48306 3.80576e-04
0.48316 3.81084e-04
0.48325 3.78817e-04
0.48334 3.75626e-04
0.48343 3.76308e-04
0.48352 3.79335e-04
0.48361 3.80000e-04
0.48370 3.78001e-04
0.48379 3.76772e-04
0.48388 3.76750e-04
0.48397 3.74376e-04
0.48406 3.70170e-04
0.48415 3.67877e-04
0.48424 3.68640e-04
0.48433 3.69171e-04
0.48442 3.66799e-04
0.48451 3.65063e-04
0.48460 3.66509e-04
0.48469 3.67850e-04
0.48478 3.65439e-04
0.48487 3.59270e-04
0.48496 3.52868e-04
0.48505 3.51056e-04
0.48514 3.52764e-04
0.48523 3.52350e-04
0.48532 3.49147e-04
0.48541 3.45624e-04
0.48550 3.39838e-04
0.48559 3.31426e-04
0.48568 3.30872e-04
0.48577 3.65800e-04
0.48586 4.88493e-04
0.48595 7.95944e-04
0.48604 1.35595e-03
0.48613 2.07229e-03
0.48622 2.62929e-03
0.48631 2.69719e-03
0.48640 2.23060e-03
0.48649 1.51321e-03
0.48658 8.93871e-04
0.48667 5.31442e-04
0.48676 3.82280e-04
0.48685 3.36578e-04
0.48694 3.28110e-04
0.48703 3.29543e-04
0.48712 3.30241e-04
0.48721 3.27572e-04
0.48730 3.26543e-04
0.48739 3.32270e-04
0.48748 3.40236e-04
0.48757 3.44459e-04
0.48766 3.45764e-04
0.48775 3.48300e-04
0.48784 3.52574e-04
0.48793 3.56972e-04
0.48802 3.62616e-04
0.48811 3.66735e-04
0.48820 3.65147e-04
0.48829 3.62222e-04
0.48838 3.63493e-04
0.48847 3.66111e-04
0.48856 3.65825e-04
0.48865 3.63975e-04
0.48874 3.64078e-04
0.48883 3.67305e-04
0.48892 3.71171e-04
0.48901 3.72953e-04
0.48910 3.71626e-04
0.48919 3.67570e-04
0.48928 3.67161e-04
0.48937 3.74419e-04
0.48946 3.82837e-04
0.48955 3.88109e-04
0.48964 3.91319e-04
0.48973 3.92414e-04
0.48982 3.92326e-04
0.48991 3.91985e-04
0.49000 3.89026e-04
0.49009 3.83907e-04
0.49018 3.82275e-04
0.49027 3.84767e-04
0.49036 3.85343e-04
0.49045 3.83327e-04
0.49054 3.83711e-04
0.49063 3.88141e-04
0.49072 3.92695e-04
0.49081 3.93029e-04
0.49090 3.89654e-04
0.49099 3.85187e-04
0.49108 3.80388e-04
0.49117 3.77278e-04
0.49126 3.78417e-04
0.49135 3.82261e-04
0.49144 3.85284e-04
0.49153 3.87562e-04
0.49162 3.90848e-04
0.49171 3.92988e-04
0.49180 3.90853e-04
0.49189 3.84181e-04
0.49198 3.75186e-04
0.49207 3.67408e-04
0.49216 3.62927e-04
0.49225 3.63875e-04
0.49234 3.68596e-04
0.49243 3.70781e-04
0.49252 3.69970e-04
0.49261 3.72115e-04
0.49270 3.79578e-04
0.49279 3.86565e-04
0.49288 3.89153e-04
0.49297 3.90840e-04
0.49306 3.92915e-04
0.49315 3.93174e-04
0.49324 3.92374e-04
0.49333 3.89748e-04
0.49342 3.82853e-04
0.49351 3.77216e-04
0.49360 3.80016e-04
0.49369 3.85916e-04
0.49378 3.85924e-04
0.49387 3.80015e-04
0.49396 3.74111e-04
0.49405 3.73774e-04
0.49414 3.80307e-04
0.49423 3.87745e-04
0.49432 3.90435e-04
0.49441 3.91063e-04
0.49450 3.92706e-04
0.49459 3.92714e-04
0.49468 3.90346e-04
0.49477 3.89365e-04
0.49486 3.91139e-04
0.49495 3.92839e-04
0.49504 3.93390e-04
0.49513 3.94020e-04
0.49522 3.94884e-04
0.49531 3.94273e-04
0.49540 3.94064e-04
0.49549 4.04184e-04
0.49558 4.47401e-04
0.49567 5.63427e-04
0.49576 8.04716e-04
0.49585 1.16722e-03
0.49594 1.53297e-03
0.49603 1.70413e-03
0.49612 1.56316e-03
0.49621 1.20196e-03
0.49630 8.24968e-04
0.49639 5.71631e-04
0.49648 4.51450e-04
0.49657 4.04675e-04
0.49666 3.88125e-04
0.49675 3.83116e-04
0.49684 3.83100e-04
0.49693 3.83810e-04
0.49702 3.84808e-04
0.49711 3.85834e-04
0.49720 3.86878e-04
0.49729 3.89102e-04
0.49738 3.91037e-04
0.49747 3.92358e-04
0.49756 3.93980e-04
0.49765 3.94009e-04
0.49774 3.92361e-04
0.49783 3.90347e-04
0.49792 3.87226e-04
0.49801 3.84792e-04
0.49810 3.84491e-04
0.49819 3.83006e-04
0.49828 3.77435e-04
0.49837 3.70990e-04
0.49846 3.69313e-04
0.49855 3.72445e-04
0.49864 3.76507e-04
0.49873 3.80960e-04
0.49882 3.86526e-04
0.49891 3.89778e-04
0.49900 3.88552e-04
0.49909 3.85484e-04
0.49918 3.82998e-04
0.49927 3.83294e-04
0.49936 3.85821e-04
0.49945 3.85545e-04
0.49954 3.84029e-04
0.49963 3.86078e-04
0.49972 3.88405e-04
0.49981 3.88225e-04
0.49990 3.87284e-04
0.49999 3.84618e-04
0.50008 3.80503e-04
0.50017 3.81488e-04
0.50026 4.04793e-04
0.50035 5.00777e-04
0.50044 7.93248e-04
0.50053 1.44740e-03
0.50062 2.51178e-03
0.50071 3.69567e-03
0.50080 4.40096e-03
0.50089 4.18363e-03
0.50098 3.18469e-03
0.50107 1.99065e-03
0.50116 1.09728e-03
0.50125 6.24565e-04
0.50134 4.41418e-04
0.50143 3.83983e-04
0.50152 3.69395e-04
0.50161 3.68134e-04
0.50170 3.71619e-04
0.50179 3.72606e-04
0.50188 3.68718e-04
0.50197 3.66046e-04
0.50206 3.69858e-04
0.50215 3.75809e-04
0.50224 3.77828e-04
0.50233 3.76211e-04
0.50242 3.76884e-04
0.50251 3.81012e-04
0.50260 3.83960e-04
0.50269 3.84371e-04
0.50278 3.82313e-04
0.50287 3.78796e-04
0.50296 3.79630e-04
0.50305 3.84090e-04
0.50314 3.85942e-04
0.50323 3.85961e-04
0.50332 3.88398e-04
0.50341 3.92231e-04
0.50350 3.93170e-04
0.50359 3.88231e-04
0.50368 3.80295e-04
0.50377 3.77646e-04
0.50386 3.80817e-04
0.50395 3.81217e-04
0.50404 3.75750e-04
0.50413 3.67125e-04
0.50422 3.60555e-04
0.50431 3.63780e-04
0.50440 3.75508e-04
0.50449 3.84479e-04
0.50458 3.88692e-04
0.50467 3.91762e-04
0.50476 3.92744e-04
0.50485 3.88920e-04
0.50494 3.82150e-04
0.50503 3.78001e-04
0.50512 3.78179e-04
0.50521 3.78996e-04
0.50530 3.78933e-04
0.50539 3.81292e-04
0.50548 3.85871e-04
0.50557 3.88869e-04
0.50566 3.88874e-04
0.50575 3.87853e-04
0.50584 3.88646e-04
0.50593 3.90931e-04
0.50602 3.92070e-04
0.50611 3.92186e-04
0.50620 3.93635e-04
0.50629 3.95425e-04
0.50638 3.94909e-04
0.50647 3.90125e-04
0.50656 3.82035e-04
0.50665 3.78227e-04
0.50674 3.81583e-04
0.50683 3.84557e-04
0.50692 3.83412e-04
0.50701 3.83067e-04
0.50710 3.86284e-04
0.50719 3.88238e-04
0.50728 3.84952e-04
0.50737 3.81669e-04
0.50746 3.83435e-04
0.50755 3.85645e-04
0.50764 3.84587e-04
0.50773 3.83939e-04
0.50782 3.86207e-04
0.50791 3.86392e-04
0.50800 3.79124e-04
0.50809 3.70584e-04
0.50818 3.70265e-04
0.50827 3.76145e-04
0.50836 3.79961e-04
0.50845 3.80105e-04
0.50854 3.81400e-04
0.50863 3.84758e-04
0.50872 3.86502e-04
0.50881 3.85682e-04
0.50890 3.85213e-04
0.50899 3.86959e-04
0.50908 3.88735e-04
0.50917 3.88741e-04
0.50926 3.88649e-04
0.50935 3.90249e-04
0.50944 3.92412e-04
0.50953 3.92988e-04
0.50962 3.91432e-04
0.50971 3.88186e-04
0.50980 3.83837e-04
0.50989 3.79108e-04
0.50998 3.74493e-04
0.51007 3.73457e-04
0.51016 3.78539e-04
0.51025 3.85237e-04
0.51034 3.88250e-04
0.51043 3.87640e-04
0.51052 3.86292e-04
0.51061 3.85583e-04
0.51070 3.84984e-04
0.51079 3.82606e-04
0.51088 3.79718e-04
0.51097 3.79870e-04
0.51106 3.80252e-04
0.51115 3.79419e-04
0.51124 3.81681e-04
0.51133 3.85604e-04
0.51142 3.87149e-04
0.51151 3.87820e-04
0.51160 3.88891e-04
0.51169 3.89682e-04
0.51178 3.91416e-04
0.51187 3.93781e-04
0.51196 3.94173e-04
0.51205 3.92456e-04
0.51214 3.89780e-04
0.51223 3.86808e-04
0.51232 3.83437e-04
0.51241 3.78679e-04
0.51250 3.74910e-04
0.51259 3.75748e-04
0.51268 3.78323e-04
0.51277 3.79017e-04
0.51286 3.77852e-04
0.51295 3.77022e-04
0.51304 3.77258e-04
0.51313 3.78980e-04
0.51322 3.81977e-04
0.51331 3.83911e-04
0.51340 3.84089e-04
0.51349 3.84535e-04
0.51358 3.87572e-04
0.51367 3.90041e-04
0.51376 3.87469e-04
0.51385 3.82883e-04
0.51394 3.79851e-04
0.51403 3.77549e-04
0.51412 3.79376e-04
0.51421 3.83575e-04
0.51430 3.81075e-04
0.51439 3.75775e-04
0.51448 3.77068e-04
0.51457 3.81274e-04
0.51466 3.80947e-04
0.51475 3.78417e-04
0.51484 3.77283e-04
0.51493 3.78180e-04
0.51502 3.80925e-04
0.51511 3.81969e-04
0.51520 3.79530e-04
0.51529 3.76972e-04
0.51538 3.76223e-04
0.51547 3.75971e-04
0.51556 3.76802e-04
0.51565 3.80260e-04
0.51574 3.84794e-04
0.51583 3.88653e-04
0.51592 3.90634e-04
0.51601 3.90289e-04
0.51610 3.89916e-04
0.51619 3.90033e-04
0.51628 3.87953e-04
0.51637 3.85197e-04
0.51646 3.84949e-04
0.51655 3.83469e-04
0.51664 3.76505e-04
0.51673 3.65066e-04
0.51682 3.53074e-04
0.51691 3.46733e-04
0.51700 3.50780e-04
0.51709 3.62492e-04
0.51718 3.70169e-04
0.51727 3.63481e-04
0.51736 3.52230e-04
0.51745 3.53949e-04
0.51754 3.68929e-04
0.51763 3.82018e-04
0.51772 3.85631e-04
0.51781 3.85556e-04
0.51790 3.86865e-04
0.51799 3.87900e-04
0.51808 3.87254e-04
0.51817 3.86037e-04
0.51826 3.82453e-04
0.51835 3.71573e-04
0.51844 3.56173e-04
0.51853 3.51623e-04
0.51862 3.63681e-04
0.51871 3.78443e-04
0.51880 3.85228e-04
0.51889 3.84731e-04
0.51898 3.82906e-04
0.51907 3.85709e-04
0.51916 3.87621e-04
0.51925 3.80352e-04
0.51934 3.71224e-04
0.51943 3.71459e-04
0.51952 3.76918e-04
0.51961 3.77936e-04
0.51970 3.77062e-04
0.51979 3.79308e-04
0.51988 3.83889e-04
0.51997 3.90277e-04
0.52006 3.97293e-04
0.52015 4.01106e-04
0.52024 3.99398e-04
0.52033 3.94715e-04
0.52042 3.89635e-04
0.52051 3.82950e-04
0.52060 3.74003e-04
0.52070 3.68686e-04
0.52078 3.69961e-04
0.52088 3.71392e-04
0.52097 3.69361e-04
0.52106 3.70233e-04
0.52115 3.74736e-04
0.52124 3.79476e-04
0.52133 3.84554e-04
0.52142 3.88709e-04
0.52151 3.89553e-04
0.52160 3.85370e-04
0.52169 3.79254e-04
0.52178 3.76978e-04
0.52187 3.79798e-04
0.52196 3.84766e-04
0.52205 3.88274e-04
0.52214 3.89585e-04
0.52223 3.90639e-04
0.52232 3.90672e-04
0.52241 3.88141e-04
0.52250 3.83239e-04
0.52259 3.76416e-04
0.52268 3.67948e-04
0.52277 3.59910e-04
0.52286 3.59424e-04
0.52295 3.70270e-04
0.52304 3.82435e-04
0.52313 3.87548e-04
0.52322 3.89365e-04
0.52331 3.87914e-04
0.52340 3.81346e-04
0.52349 3.75169e-04
0.52358 3.74323e-04
0.52367 3.78123e-04
0.52376 3.84130e-04
0.52385 3.88264e-04
0.52394 3.89276e-04
0.52403 3.88953e-04
0.52412 3.89087e-04
0.52421 3.90550e-04
0.52430 3.91224e-04
0.52439 3.89990e-04
0.52448 3.90109e-04
0.52457 3.92939e-04
0.52466 3.93240e-04
0.52475 3.86498e-04
0.52484 3.78612e-04
0.52493 3.78111e-04
0.52502 3.81092e-04
0.52511 3.79413e-04
0.52520 3.76563e-04
0.52529 3.78997e-04
0.52538 3.83733e-04
0.52547 3.85240e-04
0.52556 3.82149e-04
0.52565 3.79100e-04
0.52574 3.82705e-04
0.52583 3.90140e-04
0.52592 3.94682e-04
0.52601 3.95298e-04
0.52610 3.92935e-04
0.52619 3.88735e-04
0.52628 3.82728e-04
0.52637 3.75570e-04
0.52646 3.69156e-04
0.52655 3.64166e-04
0.52664 3.61140e-04
0.52673 3.62177e-04
0.52682 3.69914e-04
0.52691 3.76424e-04
0.52700 3.70551e-04
0.52709 3.59091e-04
0.52718 3.59502e-04
0.52727 3.72104e-04
0.52736 3.81138e-04
0.52745 3.81484e-04
0.52754 3.78172e-04
0.52763 3.73426e-04
0.52772 3.72322e-04
0.52781 3.80399e-04
0.52790 3.90640e-04
0.52799 3.94253e-04
0.52808 3.91581e-04
0.52817 3.87302e-04
0.52826 3.84391e-04
0.52835 3.82158e-04
0.52844 3.79158e-04
0.52853 3.77878e-04
0.52862 3.83890e-04
0.52871 3.93564e-04
0.52880 3.98672e-04
0.52889 3.97840e-04
0.52898 3.95438e-04
0.52907 3.95498e-04
0.52916 3.97540e-04
0.52925 3.98349e-04
0.52934 3.96398e-04
0.52943 3.93793e-04
0.52952 3.93220e-04
0.52961 3.93150e-04
0.52970 3.89572e-04
0.52979 3.81696e-04
0.52988 3.74068e-04
0.52997 3.73925e-04
0.53006 3.81073e-04
0.53015 3.86317e-04
0.53024 3.85840e-04
0.53033 3.84859e-04
0.53042 3.87610e-04
0.53051 3.92975e-04
0.53060 3.96922e-04
0.53069 3.96774e-04
0.53078 3.93540e-04
0.53087 3.91251e-04
0.53096 3.92743e-04
0.53105 3.96101e-04
0.53114 3.97726e-04
0.53123 3.97079e-04
0.53132 3.95607e-04
0.53141 3.93803e-04
0.53150 3.92645e-04
0.53159 3.92001e-04
0.53168 3.88617e-04
0.53177 3.83398e-04
0.53186 3.82840e-04
0.53195 3.87403e-04
0.53204 3.90851e-04
0.53213 3.91674e-04
0.53222 3.91899e-04
0.53231 3.91844e-04
0.53240 3.90310e-04
0.53249 3.86295e-04
0.53258 3.83365e-04
0.53267 3.84931e-04
0.53276 3.85120e-04
0.53285 3.75873e-04
0.53294 3.62570e-04
0.53303 3.61241e-04
0.53312 3.73607e-04
0.53321 3.85422e-04
0.53330 3.89382e-04
0.53339 3.88462e-04
0.53348 3.88983e-04
0.53357 3.92298e-04
0.53366 3.94007e-04
0.53375 3.92168e-04
0.53384 3.89983e-04
0.53393 3.89813e-04
0.53402 3.88285e-04
0.53411 3.82533e-04
0.53420 3.78344e-04
0.53429 3.82313e-04
0.53438 3.89734e-04
0.53447 3.93403e-04
0.53456 3.93308e-04
0.53465 3.90500e-04
0.53474 3.88257e-04
0.53483 3.89206e-04
0.53492 3.88981e-04
0.53501 3.86081e-04
0.53510 3.85720e-04
0.53519 3.90093e-04
0.53528 3.95077e-04
0.53537 3.96497e-04
0.53546 3.96320e-04
0.53555 3.98407e-04
0.53564 4.01712e-04
0.53573 4.02969e-04
0.53582 4.02797e-04
0.53591 4.02805e-04
0.53600 4.03034e-04
0.53609 4.02654e-04
0.53618 4.00158e-04
0.53627 3.95250e-04
0.53636 3.91116e-04
0.53645 3.90374e-04
0.53654 3.90764e-04
0.53663 3.89796e-04
0.53672 3.89780e-04
0.53681 3.90914e-04
0.53690 3.91226e-04
0.53699 3.89614e-04
0.53708 3.84429e-04
0.53717 3.77618e-04
0.53726 3.75360e-04
0.53735 3.81533e-04
0.53744 3.91741e-04
0.53753 3.98139e-04
0.53762 4.00242e-04
0.53771 3.99661e-04
0.53780 3.97655e-04
0.53789 3.97220e-04
0.53798 3.98018e-04
0.53807 3.96985e-04
0.53816 3.94109e-04
0.53825 3.92387e-04
0.53834 3.92112e-04
0.53843 3.91444e-04
0.53852 3.92062e-04
0.53861 3.94657e-04
0.53870 3.96120e-04
0.53879 3.95653e-04
0.53888 3.94617e-04
0.53897 3.92914e-04
0.53906 3.89924e-04
0.53915 3.87623e-04
0.53924 3.87264e-04
0.53933 3.87948e-04
0.53942 3.88193e-04
0.53951 3.87888e-04
0.53960 3.87726e-04
0.53969 3.85444e-04
0.53978 3.79239e-04
0.53987 3.76568e-04
0.53996 3.82899e-04
0.54005 3.89711e-04
0.54014 3.90133e-04
0.54023 3.88897e-04
0.54032 3.90123e-04
0.54041 3.89783e-04
0.54050 3.84128e-04
0.54059 3.76439e-04
0.54068 3.72563e-04
0.54077 3.75386e-04
0.54086 3.82051e-04
0.54095 3.85252e-04
0.54104 3.82336e-04
0.54113 3.79352e-04
0.54122 3.82854e-04
0.54131 3.90215e-04
0.54140 3.94476e-04
0.54149 3.93788e-04
0.54158 3.91511e-04
0.54167 3.91881e-04
0.54176 3.95500e-04
0.54185 3.98148e-04
0.54194 3.97172e-04
0.54203 3.94174e-04
0.54212 3.91374e-04
0.54221 3.90848e-04
0.54230 3.93442e-04
0.54239 3.94858e-04
0.54248 3.90937e-04
0.54257 3.86443e-04
0.54266 3.88370e-04
0.54275 3.94662e-04
0.54284 3.99004e-04
0.54293 3.95986e-04
0.54302 3.85977e-04
0.54311 3.79755e-04
0.54320 3.84400e-04
0.54329 3.89881e-04
0.54338 3.88392e-04
0.54347 3.84326e-04
0.54356 3.81714e-04
0.54365 3.81554e-04
0.54374 3.84104e-04
0.54383 3.88764e-04
0.54392 3.94664e-04
0.54401 3.99347e-04
0.54410 4.01533e-04
0.54419 4.01839e-04
0.54428 4.01260e-04
0.54437 4.01079e-04
0.54446 4.00641e-04
0.54455 3.97365e-04
0.54464 3.90481e-04
0.54473 3.81929e-04
0.54482 3.77949e-04
0.54491 3.83494e-04
0.54500 3.92446e-04
0.54509 3.97394e-04
0.54518 3.98244e-04
0.54527 3.97326e-04
0.54536 3.96048e-04
0.54545 3.93650e-04
0.54554 3.88107e-04
0.54563 3.80629e-04
0.54572 3.78752e-04
0.54581 3.86151e-04
0.54590 3.95103e-04
0.54599 3.99080e-04
0.54608 3.98153e-04
0.54617 3.95362e-04
0.54626 3.92879e-04
0.54635 3.89223e-04
0.54644 3.85940e-04
0.54653 3.87826e-04
0.54662 3.92353e-04
0.54671 3.93336e-04
0.54680 3.92327e-04
0.54689 3.93627e-04
0.54698 3.95284e-04
0.54707 3.94191e-04
0.54716 3.91983e-04
0.54725 3.91609e-04
0.54734 3.91188e-04
0.54743 3.88324e-04
0.54752 3.86792e-04
0.54761 3.87316e-04
0.54770 3.83240e-04
0.54779 3.76311e-04
0.54788 3.77392e-04
0.54797 3.86470e-04
0.54806 3.92601e-04
0.54815 3.90143e-04
0.54824 3.84382e-04
0.54833 3.83136e-04
0.54842 3.86934e-04
0.54851 3.92025e-04
0.54860 3.96576e-04
0.54869 3.97610e-04
0.54878 3.93677e-04
0.54887 3.88763e-04
0.54896 3.88454e-04
0.54905 3.90824e-04
0.54914 3.91638e-04
0.54923 3.92638e-04
0.54932 3.94124e-04
0.54941 3.92858e-04
0.54950 3.90986e-04
0.54959 3.92517e-04
0.54968 3.94719e-04
0.54977 3.92516e-04
0.54986 3.88873e-04
0.54995 3.90881e-04
0.55004 3.96713e-04
0.55013 3.97478e-04
0.55022 3.92162e-04
0.55031 3.87444e-04
0.55040 3.87570e-04
0.55049 3.90272e-04
0.55058 3.91755e-04
0.55067 3.89182e-04
0.55076 3.84964e-04
0.55085 3.85834e-04
0.55094 3.90534e-04
0.55103 3.92434e-04
0.55112 3.91300e-04
0.55121 3.89399e-04
0.55130 3.86538e-04
0.55139 3.84432e-04
0.55148 3.85629e-04
0.55157 3.89087e-04
0.55166 3.93921e-04
0.55175 3.99327e-04
0.55184 4.04370e-04
0.55193 4.09091e-04
0.55202 4.10214e-04
0.55211 4.06650e-04
0.55220 4.01687e-04
0.55229 3.98606e-04
0.55238 3.97689e-04
0.55247 3.97848e-04
0.55256 3.97333e-04
0.55265 3.94980e-04
0.55274 3.91467e-04
0.55283 3.87271e-04
0.55292 3.83731e-04
0.55301 3.84759e-04
0.55310 3.90565e-04
0.55319 3.95447e-04
0.55328 3.96338e-04
0.55337 3.95023e-04
0.55346 3.93375e-04
0.55355 3.91310e-04
0.55364 3.90800e-04
0.55373 3.95130e-04
0.55382 4.00892e-04
0.55391 4.03515e-04
0.55400 4.04257e-04
0.55409 4.04971e-04
0.55418 4.04790e-04
0.55427 4.02965e-04
0.55436 3.98918e-04
0.55445 3.94828e-04
0.55454 3.93681e-04
0.55463 3.94269e-04
0.55472 3.94314e-04
0.55481 3.95421e-04
0.55490 3.98680e-04
0.55499 4.01346e-04
0.55508 4.02080e-04
0.55517 4.02370e-04
0.55526 4.02365e-04
0.55535 4.01011e-04
0.55544 3.98304e-04
0.55553 3.95931e-04
0.55562 3.96121e-04
0.55571 3.98093e-04
0.55580 3.98699e-04
0.55589 3.97727e-04
0.55598 3.97673e-04
0.55607 3.98408e-04
0.55616 3.98439e-04
0.55625 3.97727e-04
0.55634 3.96031e-04
0.55643 3.94245e-04
0.55652 3.94163e-04
0.55661 3.94240e-04
0.55670 3.93106e-04
0.55679 3.92824e-04
0.55688 3.93943e-04
0.55697 3.94162e-04
0.55706 3.92917e-04
0.55715 3.94306e-04
0.55724 3.97416e-04
0.55733 3.95824e-04
0.55742 3.92488e-04
0.55751 3.94850e-04
0.55760 3.99028e-04
0.55769 3.99015e-04
0.55778 3.98267e-04
0.55787 3.99375e-04
0.55796 3.99309e-04
0.55805 3.99345e-04
0.55814 4.00901e-04
0.55824 4.00365e-04
0.55833 3.98028e-04
0.55842 3.97557e-04
0.55851 3.98272e-04
0.55860 3.97375e-04
0.55869 3.93772e-04
0.55878 3.87844e-04
0.55887 3.82766e-04
0.55896 3.81327e-04
0.55905 3.83289e-04
0.55914 3.87096e-04
0.55923 3.90839e-04
0.55932 3.92427e-04
0.55941 3.92043e-04
0.55950 3.90897e-04
0.55959 3.91245e-04
0.55968 3.96144e-04
0.55977 4.00936e-04
0.55986 3.99164e-04
0.55995 3.93394e-04
0.56004 3.91012e-04
0.56013 3.91677e-04
0.56022 3.90727e-04
0.56031 3.88306e-04
0.56040 3.87231e-04
0.56049 3.90339e-04
0.56058 3.96675e-04
0.56067 4.01684e-04
0.56076 4.04043e-04
0.56085 4.04713e-04
0.56094 4.04377e-04
0.56103 4.03645e-04
0.56112 4.03050e-04
0.56121 4.03318e-04
0.56130 4.04583e-04
0.56139 4.05593e-04
0.56148 4.03233e-04
0.56157 3.95062e-04
0.56166 3.86094e-04
0.56175 3.85921e-04
0.56184 3.92708e-04
0.56193 3.96975e-04
0.56202 3.96455e-04
0.56211 3.95260e-04
0.56220 3.96305e-04
0.56229 3.99110e-04
0.56238 3.99997e-04
0.56247 3.95752e-04
0.56256 3.89114e-04
0.56265 3.87040e-04
0.56274 3.91003e-04
0.56283 3.95105e-04
0.56292 3.97088e-04
0.56301 3.99353e-04
0.56310 4.02054e-04
0.56319 4.03412e-04
0.56328 4.03347e-04
0.56337 4.02368e-04
0.56346 4.00985e-04
0.56355 3.99654e-04
0.56364 3.98419e-04
0.56373 3.96430e-04
0.56382 3.93983e-04
0.56391 3.92841e-04
0.56400 3.94164e-04
0.56409 3.95479e-04
0.56418 3.93997e-04
0.56427 3.91993e-04
0.56436 3.93079e-04
0.56445 3.95315e-04
0.56454 3.96057e-04
0.56463 3.96347e-04
0.56472 3.96773e-04
0.56481 3.97552e-04
0.56490 3.98273e-04
0.56499 3.97905e-04
0.56508 3.96980e-04
0.56517 3.97182e-04
0.56526 3.99148e-04
0.56535 4.01437e-04
0.56544 4.01774e-04
0.56553 3.99062e-04
0.56562 3.95929e-04
0.56571 3.95895e-04
0.56580 3.95374e-04
0.56589 3.88363e-04
0.56598 3.81002e-04
0.56607 3.83633e-04
0.56616 3.91784e-04
0.56625 3.94528e-04
0.56634 3.91249e-04
0.56643 3.89826e-04
0.56652 3.93526e-04
0.56661 3.98045e-04
0.56670 3.99124e-04
0.56679 3.96477e-04
0.56688 3.93217e-04
0.56697 3.92363e-04
0.56706 3.93756e-04
0.56715 3.95357e-04
0.56724 3.96730e-04
0.56733 3.99564e-04
0.56742 4.03379e-04
0.56751 4.04828e-04
0.56760 4.03239e-04
0.56769 4.01568e-04
0.56778 4.02412e-04
0.56787 4.03384e-04
0.56796 4.01932e-04
0.56805 3.99716e-04
0.56814 3.99305e-04
0.56823 3.99435e-04
0.56832 3.97168e-04
0.56841 3.94440e-04
0.56850 3.94619e-04
0.56859 3.96660e-04
0.56868 3.97810e-04
0.56877 3.96094e-04
0.56886 3.93531e-04
0.56895 3.93068e-04
0.56904 3.95225e-04
0.56913 3.98615e-04
0.56922 4.00960e-04
0.56931 4.02887e-04
0.56940 4.04593e-04
0.56949 4.04468e-04
0.56958 4.02982e-04
0.56967 4.02078e-04
0.56976 4.01796e-04
0.56985 4.00535e-04
0.56994 3.97612e-04
0.57003 3.96213e-04
0.57012 3.96241e-04
0.57021 3.94239e-04
0.57030 3.91800e-04
0.57039 3.92421e-04
0.57048 3.95820e-04
0.57057 3.98403e-04
0.57066 3.97043e-04
0.57075 3.93235e-04
0.57084 3.90249e-04
0.57093 3.87702e-04
0.57102 3.85174e-04
0.57111 3.85662e-04
0.57120 3.87600e-04
0.57129 3.87530e-04
0.57138 3.89911e-04
0.57147 3.96005e-04
0.57156 4.00146e-04
0.57165 4.01074e-04
0.57174 4.01694e-04
0.57183 4.01947e-04
0.57192 4.01523e-04
0.57201 4.02275e-04
0.57210 4.03667e-04
0.57219 4.04455e-04
0.57228 4.05703e-04
0.57237 4.07028e-04
0.57246 4.07224e-04
0.57255 4.06778e-04
0.57264 4.05928e-04
0.57273 4.03455e-04
0.57282 3.99427e-04
0.57291 3.98596e-04
0.57300 4.02076e-04
0.57309 4.04751e-04
0.57318 4.02918e-04
0.57327 3.99236e-04
0.57336 3.99315e-04
0.57345 4.02948e-04
0.57354 4.05500e-04
0.57363 4.06233e-04
0.57372 4.05676e-04
0.57381 4.04330e-04
0.57390 4.03429e-04
0.57399 4.02933e-04
0.57408 4.02159e-04
0.57417 4.01732e-04
0.57426 4.01782e-04
0.57435 4.01421e-04
0.57444 4.01121e-04
0.57453 4.02643e-04
0.57462 4.05797e-04
0.57471 4.07653e-04
0.57480 4.05828e-04
0.57489 4.00874e-04
0.57498 3.98314e-04
0.57507 4.01482e-04
0.57516 4.06528e-04
0.57525 4.08387e-04
0.57534 4.07468e-04
0.57543 4.06548e-04
0.57552 4.08899e-04
0.57561 4.13775e-04
0.57570 4.18000e-04
0.57579 4.18146e-04
0.57588 4.14997e-04
0.57597 4.11191e-04
0.57606 4.06817e-04
0.57615 4.02411e-04
0.57624 3.98727e-04
0.57633 3.95791e-04
0.57642 3.95163e-04
0.57651 3.99393e-04
0.57660 4.05688e-04
0.57669 4.08682e-04
0.57678 4.09031e-04
0.57687 4.09003e-04
0.57696 4.08349e-04
0.57705 4.07191e-04
0.57714 4.06508e-04
0.57723 4.05839e-04
0.57732 4.04629e-04
0.57741 4.04036e-04
0.57750 4.03844e-04
0.57759 4.02900e-04
0.57768 4.02964e-04
0.57777 4.04486e-04
0.57786 4.05718e-04
0.57795 4.05552e-04
0.57804 4.02933e-04
0.57813 3.97039e-04
0.57822 3.90048e-04
0.57831 3.87174e-04
0.57840 3.89689e-04
0.57849 3.92305e-04
0.57858 3.91388e-04
0.57867 3.90111e-04
0.57876 3.93247e-04
0.57885 3.98498e-04
0.57894 4.01989e-04
0.57903 4.03649e-04
0.57912 4.02373e-04
0.57921 3.98936e-04
0.57930 3.98705e-04
0.57939 4.02030e-04
0.57948 4.04791e-04
0.57957 4.06723e-04
0.57966 4.07816e-04
0.57975 4.06005e-04
0.57984 4.01199e-04
0.57993 3.98355e-04
0.58002 4.01476e-04
0.58011 4.07888e-04
0.58020 4.11359e-04
0.58029 4.12229e-04
0.58038 4.11713e-04
0.58047 4.08637e-04
0.58056 4.04334e-04
0.58065 4.02419e-04
0.58074 4.03197e-04
0.58083 4.04835e-04
0.58092 4.06008e-04
0.58101 4.06484e-04
0.58110 4.07280e-04
0.58119 4.08736e-04
0.58128 4.09451e-04
0.58137 4.09045e-04
0.58146 4.08346e-04
0.58155 4.07168e-04
0.58164 4.04932e-04
0.58173 4.02862e-04
0.58182 4.03644e-04
0.58191 4.07629e-04
0.58200 4.11232e-04
0.58209 4.12527e-04
0.58218 4.12768e-04
0.58227 4.12611e-04
0.58236 4.11543e-04
0.58245 4.10056e-04
0.58254 4.09873e-04
0.58263 4.11016e-04
0.58272 4.11375e-04
0.58281 4.10911e-04
0.58290 4.11000e-04
0.58299 4.11669e-04
0.58308 4.12340e-04
0.58317 4.12166e-04
0.58326 4.11640e-04
0.58335 4.11452e-04
0.58344 4.10912e-04
0.58353 4.09132e-04
0.58362 4.07563e-04
0.58371 4.08889e-04
0.58380 4.11005e-04
0.58389 4.10511e-04
0.58398 4.08986e-04
0.58407 4.09486e-04
0.58416 4.11668e-04
0.58425 4.13258e-04
0.58434 4.13666e-04
0.58443 4.13534e-04
0.58452 4.12904e-04
0.58461 4.11608e-04
0.58470 4.09772e-04
0.58479 4.07636e-04
0.58488 4.06638e-04
0.58497 4.07382e-04
0.58506 4.08616e-04
0.58515 4.09275e-04
0.58524 4.08437e-04
0.58533 4.05081e-04
0.58542 4.00283e-04
0.58551 3.98564e-04
0.58560 4.01630e-04
0.58569 4.04598e-04
0.58578 4.02522e-04
0.58587 3.97574e-04
0.58596 3.96344e-04
0.58605 3.99878e-04
0.58614 4.04128e-04
0.58623 4.06516e-04
0.58632 4.05938e-04
0.58641 4.04463e-04
0.58650 4.05305e-04
0.58659 4.07235e-04
0.58668 4.06776e-04
0.58677 4.03777e-04
0.58686 4.02701e-04
0.58695 4.05419e-04
0.58704 4.09215e-04
0.58713 4.13109e-04
0.58722 4.22472e-04
0.58731 4.51976e-04
0.58740 5.27150e-04
0.58749 6.65033e-04
0.58758 8.43500e-04
0.58767 9.77883e-04
0.58776 9.87873e-04
0.58785 8.68914e-04
0.58794 6.90458e-04
0.58803 5.41634e-04
0.58812 4.53040e-04
0.58821 4.16529e-04
0.58830 4.07684e-04
0.58839 4.06628e-04
0.58848 4.04954e-04
0.58857 4.03818e-04
0.58866 4.05016e-04
0.58875 4.06604e-04
0.58884 4.05370e-04
0.58893 3.96863e-04
0.58902 3.76452e-04
0.58911 3.55027e-04
0.58920 3.53637e-04
0.58929 3.71936e-04
0.58938 3.88592e-04
0.58947 3.94840e-04
0.58956 3.90963e-04
0.58965 3.76031e-04
0.58974 3.63023e-04
0.58983 3.69848e-04
0.58992 3.87499e-04
0.59001 3.97327e-04
0.59010 3.99612e-04
0.59019 4.01826e-04
0.59028 4.03884e-04
0.59037 4.04235e-04
0.59046 4.04574e-04
0.59055 4.05423e-04
0.59064 4.05201e-04
0.59073 4.04343e-04
0.59082 4.05032e-04
0.59091 4.07046e-04
0.59100 4.08069e-04
0.59109 4.07452e-04
0.59118 4.07753e-04
0.59127 4.09458e-04
0.59136 4.09196e-04
0.59145 4.04969e-04
0.59154 3.99935e-04
0.59163 3.98235e-04
0.59172 3.99186e-04
0.59181 4.01600e-04
0.59190 4.04346e-04
0.59199 4.05289e-04
0.59208 4.06044e-04
0.59217 4.07091e-04
0.59226 4.06406e-04
0.59235 4.04897e-04
0.59244 4.05174e-04
0.59253 4.06504e-04
0.59262 4.07463e-04
0.59271 4.08717e-04
0.59280 4.09533e-04
0.59289 4.08522e-04
0.59298 4.06019e-04
0.59307 4.02871e-04
0.59316 4.01848e-04
0.59325 4.05087e-04
0.59334 4.09004e-04
0.59343 4.09381e-04
0.59352 4.05909e-04
0.59361 4.02609e-04
0.59370 4.03671e-04
0.59379 4.07047e-04
0.59388 4.08922e-04
0.59397 4.09940e-04
0.59406 4.10389e-04
0.59415 4.07465e-04
0.59424 4.02734e-04
0.59433 4.01398e-04
0.59442 4.03448e-04
0.59451 4.05923e-04
0.59460 4.07960e-04
0.59469 4.09909e-04
0.59478 4.10514e-04
0.59487 4.08472e-04
0.59496 4.04413e-04
0.59505 4.02174e-04
0.59514 4.04679e-04
0.59523 4.08204e-04
0.59532 4.07085e-04
0.59541 4.03352e-04
0.59550 4.03540e-04
0.59559 4.07024e-04
0.59569 4.07423e-04
0.59578 4.04147e-04
0.59587 4.02028e-04
0.59596 4.03367e-04
0.59605 4.06597e-04
0.59614 4.09917e-04
0.59623 4.12035e-04
0.59632 4.12806e-04
0.59641 4.12847e-04
0.59650 4.12422e-04
0.59659 4.11353e-04
0.59668 4.09140e-04
0.59677 4.08032e-04
0.59686 4.09588e-04
0.59695 4.11328e-04
0.59704 4.12294e-04
0.59713 4.13330e-04
0.59722 4.14203e-04
0.59731 4.14589e-04
0.59740 4.14601e-04
0.59749 4.14265e-04
0.59758 4.12647e-04
0.59767 4.09226e-04
0.59776 4.05705e-04
0.59785 4.03919e-04
0.59794 4.03744e-04
0.59803 4.05143e-04
0.59812 4.08532e-04
0.59821 4.11383e-04
0.59830 4.11609e-04
0.59839 4.09306e-04
0.59848 4.04219e-04
0.59857 3.99937e-04
0.59866 4.01431e-04
0.59875 4.06356e-04
0.59884 4.08462e-04
0.59893 4.08502e-04
0.59902 4.09347e-04
0.59911 4.10446e-04
0.59920 4.09213e-04
0.59929 4.06659e-04
0.59938 4.07361e-04
0.59947 4.11340e-04
0.59956 4.13929e-04
0.59965 4.13638e-04
0.59974 4.11547e-04
0.59983 4.08684e-04
0.59992 4.06661e-04
0.60001 4.06854e-04
0.60010 4.08409e-04
0.60019 4.10251e-04
0.60028 4.10546e-04
0.60037 4.08034e-04
0.60046 4.06281e-04
0.60055 4.08265e-04
0.60064 4.10161e-04
0.60073 4.09064e-04
0.60082 4.05790e-04
0.60091 4.01533e-04
0.60100 4.00658e-04
0.60109 4.05759e-04
0.60118 4.11580e-04
0.60127 4.12398e-04
0.60136 4.08689e-04
0.60145 4.04866e-04
0.60154 4.05293e-04
0.60163 4.08075e-04
0.60172 4.08067e-04
0.60181 4.05880e-04
0.60190 4.05980e-04
0.60199 4.07358e-04
0.60208 4.06392e-04
0.60217 4.04482e-04
0.60226 4.04654e-04
0.60235 4.06415e-04
0.60244 4.07699e-04
0.60253 4.07546e-04
0.60262 4.08524e-04
0.60271 4.10673e-04
0.60280 4.10630e-04
0.60289 4.10177e-04
0.60298 4.12010e-04
0.60307 4.13887e-04
0.60316 4.13688e-04
0.60325 4.12401e-04
0.60334 4.12768e-04
0.60343 4.14480e-04
0.60352 4.15246e-04
0.60361 4.15170e-04
0.60370 4.15446e-04
0.60379 4.15931e-04
0.60388 4.16232e-04
0.60397 4.15789e-04
0.60406 4.14241e-04
0.60415 4.12780e-04
0.60424 4.12692e-04
0.60433 4.12689e-04
0.60442 4.13484e-04
0.60451 4.15446e-04
0.60460 4.16548e-04
0.60469 4.16393e-04
0.60478 4.16414e-04
0.60487 4.16986e-04
0.60496 4.16886e-04
0.60505 4.16263e-04
0.60514 4.16588e-04
0.60523 4.17388e-04
0.60532 4.16831e-04
0.60541 4.14999e-04
0.60550 4.13376e-04
0.60559 4.13038e-04
0.60568 4.12475e-04
0.60577 4.11253e-04
0.60586 4.11044e-04
0.60595 4.12040e-04
0.60604 4.14048e-04
0.60613 4.15928e-04
0.60622 4.16310e-04
0.60631 4.15398e-04
0.60640 4.13462e-04
0.60649 4.11243e-04
0.60658 4.07919e-04
0.60667 4.04388e-04
0.60676 4.06669e-04
0.60685 4.13481e-04
0.60694 4.18103e-04
0.60703 4.19214e-04
0.60712 4.18802e-04
0.60721 4.18615e-04
0.60730 4.19136e-04
0.60739 4.19771e-04
0.60748 4.20138e-04
0.60757 4.20098e-04
0.60766 4.19430e-04
0.60775 4.18123e-04
0.60784 4.16208e-04
0.60793 4.13095e-04
0.60802 4.10559e-04
0.60811 4.11615e-04
0.60820 4.12943e-04
0.60829 4.10713e-04
0.60838 4.08130e-04
0.60847 4.09048e-04
0.60856 4.10742e-04
0.60865 4.10272e-04
0.60874 4.10028e-04
0.60883 4.11917e-04
0.60892 4.14210e-04
0.60901 4.14056e-04
0.60910 4.10532e-04
0.60919 4.07430e-04
0.60928 4.08061e-04
0.60937 4.09577e-04
0.60946 4.09835e-04
0.60955 4.11645e-04
0.60964 4.15466e-04
0.60973 4.16717e-04
0.60982 4.14669e-04
0.60991 4.13440e-04
0.61000 4.14915e-04
0.61009 4.17245e-04
0.61018 4.17989e-04
0.61027 4.13816e-04
0.61036 4.04179e-04
0.61045 3.98399e-04
0.61054 4.04103e-04
0.61063 4.12673e-04
0.61072 4.16052e-04
0.61081 4.15108e-04
0.61090 4.12594e-04
0.61099 4.12506e-04
0.61108 4.15650e-04
0.61117 4.16857e-04
0.61126 4.14175e-04
0.61135 4.12612e-04
0.61144 4.14627e-04
0.61153 4.17481e-04
0.61162 4.18397e-04
0.61171 4.16294e-04
0.61180 4.13982e-04
0.61189 4.15177e-04
0.61198 4.16726e-04
0.61207 4.14347e-04
0.61216 4.10553e-04
0.61225 4.07277e-04
0.61234 4.04280e-04
0.61243 4.06164e-04
0.61252 4.13306e-04
0.61261 4.16966e-04
0.61270 4.14927e-04
0.61279 4.11868e-04
0.61288 4.09442e-04
0.61297 4.07982e-04
0.61306 4.09196e-04
0.61315 4.12877e-04
0.61324 4.16295e-04
0.61333 4.17634e-04
0.61342 4.18153e-04
0.61351 4.17260e-04
0.61360 4.12714e-04
0.61369 4.04354e-04
0.61378 3.93580e-04
0.61387 3.87316e-04
0.61396 3.94141e-04
0.61405 4.08357e-04
0.61414 4.15607e-04
0.61423 4.11319e-04
0.61432 4.04060e-04
0.61441 4.04692e-04
0.61450 4.12099e-04
0.61459 4.17611e-04
0.61468 4.18280e-04
0.61477 4.16833e-04
0.61486 4.14572e-04
0.61495 4.11646e-04
0.61504 4.09072e-04
0.61513 4.07739e-04
0.61522 4.08866e-04
0.61531 4.12210e-04
0.61540 4.15628e-04
0.61549 4.16514e-04
0.61558 4.13917e-04
0.61567 4.11734e-04
0.61576 4.12269e-04
0.61585 4.12426e-04
0.61594 4.11551e-04
0.61603 4.11859e-04
0.61612 4.10875e-04
0.61621 4.04087e-04
0.61630 3.94877e-04
0.61639 3.90780e-04
0.61648 3.94267e-04
0.61657 4.00826e-04
0.61666 4.05806e-04
0.61675 4.07710e-04
0.61684 4.09773e-04
0.61693 4.10278e-04
0.61702 4.04083e-04
0.61711 3.96805e-04
0.61720 3.98121e-04
0.61729 4.05980e-04
0.61738 4.10478e-04
0.61747 4.09307e-04
0.61756 4.08837e-04
0.61765 4.09816e-04
0.61774 4.09272e-04
0.61783 4.08088e-04
0.61792 4.09296e-04
0.61801 4.11940e-04
0.61810 4.11890e-04
0.61819 4.11148e-04
0.61828 4.13184e-04
0.61837 4.15564e-04
0.61846 4.15871e-04
0.61855 4.15395e-04
0.61864 4.14844e-04
0.61873 4.12306e-04
0.61882 4.08907e-04
0.61891 4.07099e-04
0.61900 4.06851e-04
0.61909 4.06832e-04
0.61918 4.03116e-04
0.61927 3.96490e-04
0.61936 3.96621e-04
0.61945 4.04770e-04
0.61954 4.11390e-04
0.61963 4.13467e-04
0.61972 4.14253e-04
0.61981 4.15833e-04
0.61990 4.16215e-04
0.61999 4.12636e-04
0.62008 4.06721e-04
0.62017 4.04512e-04
0.62026 4.08033e-04
0.62035 4.12913e-04
0.62044 4.15537e-04
0.62053 4.15645e-04
0.62062 4.15019e-04
0.62071 4.15224e-04
0.62080 4.16092e-04
0.62089 4.16471e-04
0.62098 4.16329e-04
0.62107 4.15685e-04
0.62116 4.14379e-04
0.62125 4.13226e-04
0.62134 4.11793e-04
0.62143 4.06909e-04
0.62152 4.00840e-04
0.62161 3.98667e-04
0.62170 3.99762e-04
0.62179 4.03062e-04
0.62188 4.07698e-04
0.62197 4.09006e-04
0.62206 4.05105e-04
0.62215 4.01683e-04
0.62224 4.02388e-04
0.62233 4.05564e-04
0.62242 4.08429e-04
0.62251 4.08507e-04
0.62260 4.07659e-04
0.62269 4.08830e-04
0.62278 4.10267e-04
0.62287 4.10650e-04
0.62296 4.10318e-04
0.62305 4.06690e-04
0.62314 3.99356e-04
0.62323 3.94328e-04
0.62332 3.96245e-04
0.62341 4.01136e-04
0.62350 4.06202e-04
0.62359 4.12452e-04
0.62368 4.16291e-04
0.62377 4.15464e-04
0.62386 4.11816e-04
0.62395 4.07398e-04
0.62404 4.03024e-04
0.62413 3.99618e-04
0.62422 4.00776e-04
0.62431 4.04225e-04
0.62440 4.02571e-04
0.62449 3.98985e-04
0.62458 3.99684e-04
0.62467 4.00772e-04
0.62476 4.00304e-04
0.62485 4.02277e-04
0.62494 4.06975e-04
0.62503 4.10545e-04
0.62512 4.11898e-04
0.62521 4.10864e-04
0.62530 4.05767e-04
0.62539 3.99678e-04
0.62548 3.97903e-04
0.62557 3.99373e-04
0.62566 4.00818e-04
0.62575 3.99704e-04
0.62584 3.96045e-04
0.62593 3.92390e-04
0.62602 3.92612e-04
0.62611 3.99065e-04
0.62620 4.04887e-04
0.62629 4.06613e-04
0.62638 4.09767e-04
0.62647 4.13852e-04
0.62656 4.12874e-04
0.62665 4.07592e-04
0.62674 4.05971e-04
0.62683 4.09648e-04
0.62692 4.11898e-04
0.62701 4.10276e-04
0.62710 4.08391e-04
0.62719 4.08664e-04
0.62728 4.10513e-04
0.62737 4.12888e-04
0.62746 4.13636e-04
0.62755 4.12353e-04
0.62764 4.12042e-04
0.62773 4.13377e-04
0.62782 4.13906e-04
0.62791 4.13248e-04
0.62800 4.12120e-04
0.62809 4.08932e-04
0.62818 4.04833e-04
0.62827 4.04398e-04
0.62836 4.07177e-04
0.62845 4.10060e-04
0.62854 4.11998e-04
0.62863 4.11786e-04
0.62872 4.11864e-04
0.62881 4.14661e-04
0.62890 4.18007e-04
0.62899 4.19971e-04
0.62908 4.19678e-04
0.62917 4.17039e-04
0.62926 4.14382e-04
0.62935 4.12954e-04
0.62944 4.12530e-04
0.62953 4.14171e-04
0.62962 4.16185e-04
0.62971 4.16659e-04
0.62980 4.22613e-04
0.62989 4.46016e-04
0.62998 4.93342e-04
0.63007 5.48006e-04
0.63016 5.85242e-04
0.63025 5.80268e-04
0.63034 5.38068e-04
0.63043 4.86257e-04
0.63052 4.46606e-04
0.63061 4.24797e-04
0.63070 4.14855e-04
0.63079 4.13745e-04
0.63088 4.18262e-04
0.63097 4.23563e-04
0.63106 4.29764e-04
0.63115 4.39993e-04
0.63124 4.53505e-04
0.63133 4.64836e-04
0.63142 4.66634e-04
0.63151 4.55219e-04
0.63160 4.35003e-04
0.63169 4.18345e-04
0.63178 4.12675e-04
0.63187 4.09446e-04
0.63196 4.04224e-04
0.63205 4.03607e-04
0.63214 4.08223e-04
0.63223 4.12160e-04
0.63232 4.12737e-04
0.63241 4.12382e-04
0.63250 4.14398e-04
0.63259 4.17053e-04
0.63268 4.17947e-04
0.63277 4.17631e-04
0.63286 4.16343e-04
0.63295 4.16751e-04
0.63305 4.18431e-04
0.63314 4.17122e-04
0.63323 4.15264e-04
0.63332 4.16727e-04
0.63341 4.19693e-04
0.63350 4.20656e-04
0.63359 4.15851e-04
0.63368 4.07305e-04
0.63377 4.02965e-04
0.63386 4.06218e-04
0.63395 4.11374e-04
0.63404 4.13354e-04
0.63413 4.15145e-04
0.63422 4.18325e-04
0.63431 4.18956e-04
0.63440 4.16060e-04
0.63449 4.11218e-04
0.63458 4.07817e-04
0.63467 4.08348e-04
0.63476 4.09566e-04
0.63485 4.09295e-04
0.63494 4.10839e-04
0.63503 4.14673e-04
0.63512 4.17372e-04
0.63521 4.18370e-04
0.63530 4.19079e-04
0.63539 4.19195e-04
0.63548 4.17205e-04
0.63557 4.12927e-04
0.63566 4.09947e-04
0.63575 4.11434e-04
0.63584 4.13553e-04
0.63593 4.10591e-04
0.63602 4.05749e-04
0.63611 4.06261e-04
0.63620 4.13650e-04
0.63629 4.25090e-04
0.63638 4.39655e-04
0.63647 4.55568e-04
0.63656 4.64082e-04
0.63665 4.59894e-04
0.63674 4.45566e-04
0.63683 4.31795e-04
0.63692 4.24339e-04
0.63701 4.20839e-04
0.63710 4.17068e-04
0.63719 4.13411e-04
0.63728 4.12884e-04
0.63737 4.16514e-04
0.63746 4.20640e-04
0.63755 4.21855e-04
0.63764 4.21124e-04
0.63773 4.20890e-04
0.63782 4.21291e-04
0.63791 4.19900e-04
0.63800 4.16767e-04
0.63809 4.15164e-04
0.63818 4.15619e-04
0.63827 4.16753e-04
0.63836 4.18698e-04
0.63845 4.20094e-04
0.63854 4.19230e-04
0.63863 4.17930e-04
0.63872 4.18795e-04
0.63881 4.21038e-04
0.63890 4.22385e-04
0.63899 4.22347e-04
0.63908 4.22048e-04
0.63917 4.21723e-04
0.63926 4.20632e-04
0.63935 4.16830e-04
0.63944 4.09901e-04
0.63953 4.06390e-04
0.63962 4.11066e-04
0.63971 4.18469e-04
0.63980 4.23005e-04
0.63989 4.24566e-04
0.63998 4.22286e-04
0.64007 4.14002e-04
0.64016 4.05052e-04
0.64025 4.06720e-04
0.64034 4.16530e-04
0.64043 4.23045e-04
0.64052 4.24789e-04
0.64061 4.24865e-04
0.64070 4.23848e-04
0.64079 4.21085e-04
0.64088 4.16318e-04
0.64097 4.13541e-04
0.64106 4.16967e-04
0.64115 4.20945e-04
0.64124 4.18497e-04
0.64133 4.14303e-04
0.64142 4.14573e-04
0.64151 4.16718e-04
0.64160 4.18082e-04
0.64169 4.19306e-04
0.64178 4.20015e-04
0.64187 4.19483e-04
0.64196 4.18749e-04
0.64205 4.17061e-04
0.64214 4.12788e-04
0.64223 4.08839e-04
0.64232 4.10497e-04
0.64241 4.18436e-04
0.64250 4.24948e-04
0.64259 4.25525e-04
0.64268 4.23817e-04
0.64277 4.24254e-04
0.64286 4.26286e-04
0.64295 4.27108e-04
0.64304 4.24614e-04
0.64313 4.17653e-04
0.64322 4.09876e-04
0.64331 4.08575e-04
0.64340 4.13547e-04
0.64349 4.18624e-04
0.64358 4.21726e-04
0.64367 4.23606e-04
0.64376 4.24797e-04
0.64385 4.24061e-04
0.64394 4.19162e-04
0.64403 4.12664e-04
0.64412 4.12781e-04
0.64421 4.20387e-04
0.64430 4.26584e-04
0.64439 4.27870e-04
0.64448 4.27015e-04
0.64457 4.26422e-04
0.64466 4.26580e-04
0.64475 4.27450e-04
0.64484 4.27923e-04
0.64493 4.25554e-04
0.64502 4.16688e-04
0.64511 4.04632e-04
0.64520 4.01024e-04
0.64529 4.08835e-04
0.64538 4.17866e-04
0.64547 4.22843e-04
0.64556 4.22833e-04
0.64565 4.17288e-04
0.64574 4.10714e-04
0.64583 4.10782e-04
0.64592 4.17508e-04
0.64601 4.24350e-04
0.64610 4.27833e-04
0.64619 4.27887e-04
0.64628 4.22553e-04
0.64637 4.12266e-04
0.64646 4.06740e-04
0.64655 4.12005e-04
0.64664 4.19484e-04
0.64673 4.23348e-04
0.64682 4.24790e-04
0.64691 4.25205e-04
0.64700 4.24256e-04
0.64709 4.22049e-04
0.64718 4.19878e-04
0.64727 4.17438e-04
0.64736 4.17060e-04
0.64745 4.20343e-04
0.64754 4.21905e-04
0.64763 4.19309e-04
0.64772 4.16901e-04
0.64781 4.18696e-04
0.64790 4.22212e-04
0.64799 4.23618e-04
0.64808 4.23553e-04
0.64817 4.21851e-04
0.64826 4.16092e-04
0.64835 4.08886e-04
0.64844 4.06769e-04
0.64853 4.10762e-04
0.64862 4.16396e-04
0.64871 4.19835e-04
0.64880 4.21016e-04
0.64889 4.21526e-04
0.64898 4.21740e-04
0.64907 4.20339e-04
0.64916 4.17017e-04
0.64925 4.13833e-04
0.64934 4.12258e-04
0.64943 4.08961e-04
0.64952 3.99843e-04
0.64961 3.89885e-04
0.64970 3.86381e-04
0.64979 3.88157e-04
0.64988 3.92399e-04
0.64997 3.98040e-04
0.65006 4.01843e-04
0.65015 4.05882e-04
0.65024 4.11207e-04
0.65033 4.14713e-04
0.65042 4.16875e-04
0.65051 4.18065e-04
0.65060 4.18564e-04
0.65069 4.19689e-04
0.65078 4.20641e-04
0.65087 4.19711e-04
0.65096 4.17408e-04
0.65105 4.16690e-04
0.65114 4.18655e-04
0.65123 4.20913e-04
0.65132 4.21467e-04
0.65141 4.21008e-04
0.65150 4.20331e-04
0.65159 4.18138e-04
0.65168 4.14286e-04
0.65177 4.11491e-04
0.65186 4.10704e-04
0.65195 4.09923e-04
0.65204 4.10216e-04
0.65213 4.14090e-04
0.65222 4.18724e-04
0.65231 4.20609e-04
0.65240 4.20034e-04
0.65249 4.19408e-04
0.65258 4.20140e-04
0.65267 4.20045e-04
0.65276 4.16667e-04
0.65285 4.12633e-04
0.65294 4.12592e-04
0.65303 4.15825e-04
0.65312 4.18165e-04
0.65321 4.17620e-04
0.65330 4.14552e-04
0.65339 4.11252e-04
0.65348 4.10053e-04
0.65357 4.11861e-04
0.65366 4.15054e-04
0.65375 4.16271e-04
0.65384 4.14576e-04
0.65393 4.12712e-04
0.65402 4.13645e-04
0.65411 4.15713e-04
0.65420 4.16162e-04
0.65429 4.14665e-04
0.65438 4.14401e-04
0.65447 4.25051e-04
0.65456 4.70509e-04
0.65465 5.88565e-04
0.65474 8.16279e-04
0.65483 1.12789e-03
0.65492 1.39519e-03
0.65501 1.45596e-03
0.65510 1.26943e-03
0.65519 9.53679e-04
0.65528 6.70473e-04
0.65537 4.99618e-04
0.65546 4.22000e-04
0.65555 3.92885e-04
0.65564 3.81311e-04
0.65573 3.80068e-04
0.65582 4.02761e-04
0.65591 5.20854e-04
0.65600 9.73467e-04
0.65609 2.27578e-03
0.65618 5.04444e-03
0.65627 9.30776e-03
0.65636 1.36705e-02
0.65645 1.57996e-02
0.65654 1.43286e-02
0.65663 1.02155e-02
0.65672 5.77777e-03
0.65681 2.68386e-03
0.65690 1.13982e-03
0.65699 5.69128e-04
0.65708 4.10075e-04
0.65717 3.78403e-04
0.65726 3.77404e-04
0.65735 3.78296e-04
0.65744 3.76650e-04
0.65753 3.75149e-04
0.65762 3.76231e-04
0.65771 3.81708e-04
0.65780 3.90734e-04
0.65789 4.01996e-04
0.65798 4.30483e-04
0.65807 5.27841e-04
0.65816 8.01914e-04
0.65825 1.38601e-03
0.65834 2.27543e-03
0.65843 3.17121e-03
0.65852 3.58799e-03
0.65861 3.25646e-03
0.65870 2.39456e-03
0.65879 1.48405e-03
0.65888 8.61874e-04
0.65897 5.60256e-04
0.65906 4.52823e-04
0.65915 4.24140e-04
0.65924 4.16944e-04
0.65933 4.09759e-04
0.65942 4.00183e-04
0.65951 3.96245e-04
0.65960 4.01887e-04
0.65969 4.10802e-04
0.65978 4.15062e-04
0.65987 4.14268e-04
0.65996 4.11272e-04
0.66005 4.10144e-04
0.66014 4.13632e-04
0.66023 4.18736e-04
0.66032 4.21268e-04
0.66041 4.20968e-04
0.66050 4.18909e-04
0.66059 4.15993e-04
0.66068 4.13869e-04
0.66077 4.13251e-04
0.66086 4.12710e-04
0.66095 4.10398e-04
0.66104 4.07323e-04
0.66113 4.08431e-04
0.66122 4.15247e-04
0.66131 4.21088e-04
0.66140 4.20739e-04
0.66149 4.16813e-04
0.66158 4.15965e-04
0.66167 4.19954e-04
0.66176 4.23074e-04
0.66185 4.23012e-04
0.66194 4.22307e-04
0.66203 4.22563e-04
0.66212 4.23602e-04
0.66221 4.24647e-04
0.66230 4.24791e-04
0.66239 4.23354e-04
0.66248 4.19862e-04
0.66257 4.14868e-04
0.66266 4.12773e-04
0.66275 4.15945e-04
0.66284 4.19597e-04
0.66293 4.20493e-04
0.66302 4.20247e-04
0.66311 4.19509e-04
0.66320 4.18933e-04
0.66329 4.18336e-04
0.66338 4.15741e-04
0.66347 4.11659e-04
0.66356 4.10038e-04
0.66365 4.13334e-04
0.66374 4.18427e-04
0.66383 4.21819e-04
0.66392 4.22882e-04
0.66401 4.21908e-04
0.66410 4.20250e-04
0.66419 4.20410e-04
0.66428 4.22475e-04
0.66437 4.21801e-04
0.66446 4.16387e-04
0.66455 4.12779e-04
0.66464 4.15611e-04
0.66473 4.19855e-04
0.66482 4.20632e-04
0.66491 4.19516e-04
0.66500 4.20075e-04
0.66509 4.21959e-04
0.66518 4.22595e-04
0.66527 4.21960e-04
0.66536 4.21603e-04
0.66545 4.21702e-04
0.66554 4.21875e-04
0.66563 4.22302e-04
0.66572 4.22173e-04
0.66581 4.21382e-04
0.66590 4.21678e-04
0.66599 4.22652e-04
0.66608 4.22416e-04
0.66617 4.21214e-04
0.66626 4.19986e-04
0.66635 4.17639e-04
0.66644 4.13014e-04
0.66653 4.10686e-04
0.66662 4.13679e-04
0.66671 4.16689e-04
0.66680 4.16646e-04
0.66689 4.16116e-04
0.66698 4.17359e-04
0.66707 4.20186e-04
0.66716 4.22799e-04
0.66725 4.24054e-04
0.66734 4.24189e-04
0.66743 4.25157e-04
0.66752 4.30255e-04
0.66761 4.46680e-04
0.66770 4.83328e-04
0.66779 5.39322e-04
0.66788 5.97150e-04
0.66797 6.31206e-04
0.66806 6.21659e-04
0.66815 5.72078e-04
0.66824 5.10572e-04
0.66833 4.61219e-04
0.66842 4.35856e-04
0.66851 4.26812e-04
0.66860 4.25004e-04
0.66869 4.24630e-04
0.66878 4.24179e-04
0.66887 4.22944e-04
0.66896 4.21878e-04
0.66905 4.22377e-04
0.66914 4.23536e-04
0.66923 4.24292e-04
0.66932 4.24503e-04
0.66941 4.24382e-04
0.66950 4.24438e-04
0.66959 4.23932e-04
0.66968 4.21146e-04
0.66977 4.17671e-04
0.66986 4.16836e-04
0.66995 4.18358e-04
0.67005 4.20368e-04
0.67013 4.22897e-04
0.67023 4.25008e-04
0.67032 4.25257e-04
0.67041 4.23437e-04
0.67050 4.20229e-04
0.67059 4.18161e-04
0.67068 4.19125e-04
0.67077 4.21584e-04
0.67086 4.23083e-04
0.67095 4.23118e-04
0.67104 4.22690e-04
0.67113 4.21809e-04
0.67122 4.24494e-04
0.67131 4.43039e-04
0.67140 5.04695e-04
0.67149 6.66491e-04
0.67158 9.84431e-04
0.67167 1.43132e-03
0.67176 1.82588e-03
0.67185 1.93976e-03
0.67194 1.69768e-03
0.67203 1.25768e-03
0.67212 8.49530e-04
0.67221 5.91706e-04
0.67230 4.74368e-04
0.67239 4.33654e-04
0.67248 4.24794e-04
0.67257 4.24757e-04
0.67266 4.26200e-04
0.67275 4.38174e-04
0.67284 4.86944e-04
0.67293 6.16661e-04
0.67302 8.70908e-04
0.67311 1.22211e-03
0.67320 1.53046e-03
0.67329 1.61459e-03
0.67338 1.41936e-03
0.67347 1.06956e-03
0.67356 7.48617e-04
0.67365 5.51896e-04
0.67374 4.63438e-04
0.67383 4.33441e-04
0.67392 4.23663e-04
0.67401 4.18907e-04
0.67410 4.16704e-04
0.67419 4.17937e-04
0.67428 4.20466e-04
0.67437 4.20081e-04
0.67446 4.17725e-04
0.67455 4.17881e-04
0.67464 4.20119e-04
0.67473 4.20886e-04
0.67482 4.20218e-04
0.67491 4.19798e-04
0.67500 4.19204e-04
0.67509 4.17529e-04
0.67518 4.16376e-04
0.67527 4.17656e-04
0.67536 4.18480e-04
0.67545 4.17274e-04
0.67554 4.17910e-04
0.67563 4.20861e-04
0.67572 4.22674e-04
0.67581 4.23540e-04
0.67590 4.24846e-04
0.67599 4.26308e-04
0.67608 4.27568e-04
0.67617 4.28223e-04
0.67626 4.27565e-04
0.67635 4.25905e-04
0.67644 4.25349e-04
0.67653 4.26266e-04
0.67662 4.26628e-04
0.67671 4.24777e-04
0.67680 4.20862e-04
0.67689 4.17379e-04
0.67698 4.17697e-04
0.67707 4.20762e-04
0.67716 4.21703e-04
0.67725 4.19945e-04
0.67734 4.19641e-04
0.67743 4.22137e-04
0.67752 4.24814e-04
0.67761 4.26672e-04
0.67770 4.28246e-04
0.67779 4.28888e-04
0.67788 4.28518e-04
0.67797 4.28468e-04
0.67806 4.29430e-04
0.67815 4.29965e-04
0.67824 4.29184e-04
0.67833 4.26876e-04
0.67842 4.22974e-04
0.67851 4.18901e-04
0.67860 4.17049e-04
0.67869 4.17635e-04
0.67878 4.19265e-04
0.67887 4.21734e-04
0.67896 4.24747e-04
0.67905 4.25773e-04
0.67914 4.24894e-04
0.67923 4.24832e-04
0.67932 4.25676e-04
0.67941 4.24999e-04
0.67950 4.22682e-04
0.67959 4.21466e-04
0.67968 4.21991e-04
0.67977 4.23109e-04
0.67986 4.24887e-04
0.67995 4.26080e-04
0.68004 4.26214e-04
0.68013 4.26675e-04
0.68022 4.27311e-04
0.68031 4.27570e-04
0.68040 4.27418e-04
0.68049 4.26505e-04
0.68058 4.25737e-04
0.68067 4.26258e-04
0.68076 4.26105e-04
0.68085 4.24879e-04
0.68094 4.25293e-04
0.68103 4.26411e-04
0.68112 4.25606e-04
0.68121 4.24803e-04
0.68130 4.25599e-04
0.68139 4.26437e-04
0.68148 4.26156e-04
0.68157 4.24026e-04
0.68166 4.21746e-04
0.68175 4.23067e-04
0.68184 4.26984e-04
0.68193 4.29206e-04
0.68202 4.28405e-04
0.68211 4.26028e-04
0.68220 4.24471e-04
0.68229 4.25555e-04
0.68238 4.28278e-04
0.68247 4.30379e-04
0.68256 4.31369e-04
0.68265 4.31374e-04
0.68274 4.30790e-04
0.68283 4.29202e-04
0.68292 4.25710e-04
0.68301 4.22902e-04
0.68310 4.23659e-04
0.68319 4.26933e-04
0.68328 4.29252e-04
0.68337 4.28562e-04
0.68346 4.27012e-04
0.68355 4.27817e-04
0.68364 4.30180e-04
0.68373 4.31305e-04
0.68382 4.30139e-04
0.68391 4.27969e-04
0.68400 4.25513e-04
0.68409 4.22565e-04
0.68418 4.19611e-04
0.68427 4.16784e-04
0.68436 4.15327e-04
0.68445 4.16997e-04
0.68454 4.21134e-04
0.68463 4.25789e-04
0.68472 4.28385e-04
0.68481 4.28380e-04
0.68490 4.28075e-04
0.68499 4.28451e-04
0.68508 4.28506e-04
0.68517 4.28347e-04
0.68526 4.28261e-04
0.68535 4.28706e-04
0.68544 4.29524e-04
0.68553 4.28189e-04
0.68562 4.23481e-04
0.68571 4.20023e-04
0.68580 4.21236e-04
0.68589 4.23700e-04
0.68598 4.25271e-04
0.68607 4.26363e-04
0.68616 4.25145e-04
0.68625 4.21298e-04
0.68634 4.19419e-04
0.68643 4.22803e-04
0.68652 4.28737e-04
0.68661 4.31736e-04
0.68670 4.31358e-04
0.68679 4.29033e-04
0.68688 4.25195e-04
0.68697 4.21875e-04
0.68706 4.22236e-04
0.68715 4.25774e-04
0.68724 4.27658e-04
0.68733 4.25528e-04
0.68742 4.23238e-04
0.68751 4.24507e-04
0.68760 4.26439e-04
0.68769 4.26578e-04
0.68778 4.27134e-04
0.68787 4.29482e-04
0.68796 4.31544e-04
0.68805 4.31967e-04
0.68814 4.31237e-04
0.68823 4.29350e-04
0.68832 4.25783e-04
0.68841 4.22743e-04
0.68850 4.23519e-04
0.68859 4.27315e-04
0.68868 4.29229e-04
0.68877 4.28577e-04
0.68886 4.29099e-04
0.68895 4.31375e-04
0.68904 4.32938e-04
0.68913 4.33357e-04
0.68922 4.34262e-04
0.68931 4.35027e-04
0.68940 4.33981e-04
0.68949 4.32614e-04
0.68958 4.32777e-04
0.68967 4.32763e-04
0.68976 4.31694e-04
0.68985 4.31174e-04
0.68994 4.32181e-04
0.69003 4.33140e-04
0.69012 4.32051e-04
0.69021 4.30268e-04
0.69030 4.31704e-04
0.69039 4.35180e-04
0.69048 4.36383e-04
0.69057 4.35042e-04
0.69066 4.33355e-04
0.69075 4.33344e-04
0.69084 4.35126e-04
0.69093 4.36349e-04
0.69102 4.36000e-04
0.69111 4.35139e-04
0.69120 4.34032e-04
0.69129 4.32570e-04
0.69138 4.31431e-04
0.69147 4.29216e-04
0.69156 4.25455e-04
0.69165 4.24463e-04
0.69174 4.27107e-04
0.69183 4.28825e-04
0.69192 4.29913e-04
0.69201 4.31897e-04
0.69210 4.33681e-04
0.69219 4.35043e-04
0.69228 4.36064e-04
0.69237 4.36399e-04
0.69246 4.34841e-04
0.69255 4.30131e-04
0.69264 4.25135e-04
0.69273 4.23924e-04
0.69282 4.26816e-04
0.69291 4.30769e-04
0.69300 4.32586e-04
0.69309 4.32860e-04
0.69318 4.33042e-04
0.69327 4.32947e-04
0.69336 4.31497e-04
0.69345 4.28551e-04
0.69354 4.27658e-04
0.69363 4.30407e-04
0.69372 4.32891e-04
0.69381 4.32897e-04
0.69390 4.31892e-04
0.69399 4.31464e-04
0.69408 4.32329e-04
0.69417 4.33699e-04
0.69426 4.34281e-04
0.69435 4.33277e-04
0.69444 4.30765e-04
0.69453 4.27299e-04
0.69462 4.23372e-04
0.69471 4.21902e-04
0.69480 4.25116e-04
0.69489 4.29216e-04
0.69498 4.31442e-04
0.69507 4.32591e-04
0.69516 4.32001e-04
0.69525 4.29176e-04
0.69534 4.27031e-04
0.69543 4.26944e-04
0.69552 4.26859e-04
0.69561 4.26796e-04
0.69570 4.28522e-04
0.69579 4.31675e-04
0.69588 4.33494e-04
0.69597 4.33712e-04
0.69606 4.33596e-04
0.69615 4.33384e-04
0.69624 4.33533e-04
0.69633 4.34110e-04
0.69642 4.34678e-04
0.69651 4.35382e-04
0.69660 4.35371e-04
0.69669 4.33802e-04
0.69678 4.32743e-04
0.69687 4.34389e-04
0.69696 4.37003e-04
0.69705 4.37776e-04
0.69714 4.36290e-04
0.69723 4.33612e-04
0.69732 4.32515e-04
0.69741 4.34754e-04
0.69750 4.36515e-04
0.69759 4.34977e-04
0.69768 4.31782e-04
0.69777 4.28771e-04
0.69786 4.24634e-04
0.69795 4.17567e-04
0.69804 4.12581e-04
0.69813 4.15715e-04
0.69822 4.24329e-04
0.69831 4.31126e-04
0.69840 4.34697e-04
0.69849 4.36647e-04
0.69858 4.37157e-04
0.69867 4.36769e-04
0.69876 4.36301e-04
0.69885 4.35690e-04
0.69894 4.34191e-04
0.69903 4.31864e-04
0.69912 4.30256e-04
0.69921 4.31322e-04
0.69930 4.34570e-04
0.69939 4.37036e-04
0.69948 4.37127e-04
0.69957 4.35578e-04
0.69966 4.35024e-04
0.69975 4.36092e-04
0.69984 4.36638e-04
0.69993 4.35799e-04
0.70002 4.32920e-04
0.70011 4.28622e-04
0.70020 4.26953e-04
0.70029 4.29811e-04
0.70038 4.33649e-04
0.70047 4.34129e-04
0.70056 4.31097e-04
0.70065 4.28458e-04
0.70074 4.28495e-04
0.70083 4.29976e-04
0.70092 4.31634e-04
0.70101 4.33501e-04
0.70110 4.35084e-04
0.70119 4.34663e-04
0.70128 4.33279e-04
0.70137 4.33625e-04
0.70146 4.35373e-04
0.70155 4.35084e-04
0.70164 4.29872e-04
0.70173 4.21048e-04
0.70182 4.16593e-04
0.70191 4.21923e-04
0.70200 4.31662e-04
0.70209 4.37121e-04
0.70218 4.38473e-04
0.70227 4.38331e-04
0.70236 4.36103e-04
0.70245 4.31120e-04
0.70254 4.26320e-04
0.70263 4.25579e-04
0.70272 4.28978e-04
0.70281 4.32488e-04
0.70290 4.33289e-04
0.70299 4.32765e-04
0.70308 4.33111e-04
0.70317 4.34233e-04
0.70326 4.35168e-04
0.70335 4.35153e-04
0.70344 4.34441e-04
0.70353 4.33955e-04
0.70362 4.33840e-04
0.70371 4.34921e-04
0.70380 4.35584e-04
0.70389 4.31936e-04
0.70398 4.25659e-04
0.70407 4.25519e-04
0.70416 4.33125e-04
0.70425 4.40747e-04
0.70434 4.44162e-04
0.70443 4.44706e-04
0.70452 4.43259e-04
0.70461 4.40162e-04
0.70470 4.37650e-04
0.70479 4.38560e-04
0.70488 4.41750e-04
0.70497 4.44314e-04
0.70506 4.45024e-04
0.70515 4.42627e-04
0.70524 4.41192e-04
0.70533 4.36189e-04
0.70542 4.29411e-04
0.70551 4.25306e-04
0.70560 4.25937e-04
0.70569 4.29338e-04
0.70578 4.33640e-04
0.70587 4.36353e-04
0.70596 4.36372e-04
0.70605 4.33533e-04
0.70614 4.30117e-04
0.70623 4.31614e-04
0.70632 4.42049e-04
0.70641 4.63939e-04
0.70650 5.00272e-04
0.70659 5.41456e-04
0.70668 5.64779e-04
0.70677 5.55377e-04
0.70686 5.19933e-04
0.70695 4.78322e-04
0.70704 4.47535e-04
0.70713 4.35217e-04
0.70723 4.34186e-04
0.70732 4.35588e-04
0.70741 4.35697e-04
0.70750 4.35936e-04
0.70759 4.36171e-04
0.70768 4.35609e-04
0.70777 4.34620e-04
0.70786 4.34377e-04
0.70795 4.35296e-04
0.70804 4.36139e-04
0.70813 4.36755e-04
0.70822 4.37870e-04
0.70831 4.37850e-04
0.70840 4.34895e-04
0.70849 4.28805e-04
0.70858 4.21536e-04
0.70867 4.17793e-04
0.70876 4.19236e-04
0.70885 4.21029e-04
0.70894 4.20622e-04
0.70903 4.20347e-04
0.70912 4.20127e-04
0.70921 4.19464e-04
0.70930 4.19823e-04
0.70939 4.20522e-04
0.70948 4.20284e-04
0.70957 4.20237e-04
0.70966 4.20256e-04
0.70975 4.20018e-04
0.70984 4.19943e-04
0.70993 4.20500e-04
0.71002 4.23504e-04
0.71011 4.27615e-04
0.71020 4.28686e-04
0.71029 4.27372e-04
0.71038 4.24942e-04
0.71047 4.23478e-04
0.71056 4.25204e-04
0.71065 4.28727e-04
0.71074 4.30314e-04
0.71083 4.28639e-04
0.71092 4.26876e-04
0.71101 4.27009e-04
0.71110 4.26886e-04
0.71119 4.23937e-04
0.71128 4.20429e-04
0.71137 4.20096e-04
0.71146 4.23099e-04
0.71155 4.26362e-04
0.71164 4.27772e-04
0.71173 4.28421e-04
0.71182 4.29280e-04
0.71191 4.29526e-04
0.71200 4.29276e-04
0.71209 4.28516e-04
0.71218 4.27795e-04
0.71227 4.27365e-04
0.71236 4.26049e-04
0.71245 4.26058e-04
0.71254 4.28449e-04
0.71263 4.28654e-04
0.71272 4.26185e-04
0.71281 4.24621e-04
0.71290 4.25691e-04
0.71299 4.27438e-04
0.71308 4.26889e-04
0.71317 4.25067e-04
0.71326 4.32118e-04
0.71335 4.69105e-04
0.71344 5.65114e-04
0.71353 7.49283e-04
0.71362 1.00140e-03
0.71371 1.21890e-03
0.71380 1.27718e-03
0.71389 1.13718e-03
0.71398 8.89370e-04
0.71407 6.59591e-04
0.71416 5.19445e-04
0.71425 4.59136e-04
0.71434 4.40087e-04
0.71443 4.34359e-04
0.71452 4.32887e-04
0.71461 4.32828e-04
0.71470 4.32966e-04
0.71479 4.32987e-04
0.71488 4.30251e-04
0.71497 4.25303e-04
0.71506 4.24004e-04
0.71515 4.27176e-04
0.71524 4.29891e-04
0.71533 4.31862e-04
0.71542 4.35342e-04
0.71551 4.37856e-04
0.71560 4.36180e-04
0.71569 4.33087e-04
0.71578 4.33567e-04
0.71587 4.37202e-04
0.71596 4.38505e-04
0.71605 4.36212e-04
0.71614 4.33494e-04
0.71623 4.32678e-04
0.71632 4.34694e-04
0.71641 4.36601e-04
0.71650 4.33918e-04
0.71659 4.27373e-04
0.71668 4.23161e-04
0.71677 4.25332e-04
0.71686 4.31389e-04
0.71695 4.35745e-04
0.71704 4.36346e-04
0.71713 4.35540e-04
0.71722 4.35844e-04
0.71731 4.37382e-04
0.71740 4.39287e-04
0.71749 4.40573e-04
0.71758 4.39961e-04
0.71767 4.37255e-04
0.71776 4.34052e-04
0.71785 4.33519e-04
0.71794 4.36005e-04
0.71803 4.36909e-04
0.71812 4.32758e-04
0.71821 4.26699e-04
0.71830 4.24392e-04
0.71839 4.27717e-04
0.71848 4.35113e-04
0.71857 4.39939e-04
0.71866 4.40065e-04
0.71875 4.37529e-04
0.71884 4.32555e-04
0.71893 4.26597e-04
0.71902 4.24032e-04
0.71911 4.25081e-04
0.71920 4.28956e-04
0.71929 4.32801e-04
0.71938 4.33033e-04
0.71947 4.31757e-04
0.71956 4.32551e-04
0.71965 4.35172e-04
0.71974 4.36167e-04
0.71983 4.33969e-04
0.71992 4.32566e-04
0.72001 4.34699e-04
0.72010 4.37734e-04
0.72019 4.39286e-04
0.72028 4.38191e-04
0.72037 4.36205e-04
0.72046 4.37728e-04
0.72055 4.41740e-04
0.72064 4.43679e-04
0.72073 4.41424e-04
0.72082 4.34753e-04
0.72091 4.27628e-04
0.72100 4.26609e-04
0.72109 4.30348e-04
0.72118 4.36240e-04
0.72127 4.42205e-04
0.72136 4.43904e-04
0.72145 4.40965e-04
0.72154 4.37266e-04
0.72163 4.35496e-04
0.72172 4.35224e-04
0.72181 4.36440e-04
0.72190 4.39769e-04
0.72199 4.42913e-04
0.72208 4.43244e-04
0.72217 4.41521e-04
0.72226 4.39879e-04
0.72235 4.39034e-04
0.72244 4.37713e-04
0.72253 4.36494e-04
0.72262 4.38340e-04
0.72271 4.42060e-04
0.72280 4.44781e-04
0.72289 4.45303e-04
0.72298 4.42866e-04
0.72307 4.40514e-04
0.72316 4.41934e-04
0.72325 4.45312e-04
0.72334 4.47955e-04
0.72343 4.48559e-04
0.72352 4.48349e-04
0.72361 4.48493e-04
0.72370 4.47051e-04
0.72379 4.43940e-04
0.72388 4.42526e-04
0.72397 4.42926e-04
0.72406 4.42679e-04
0.72415 4.42043e-04
0.72424 4.42631e-04
0.72433 4.44554e-04
0.72442 4.46062e-04
0.72451 4.44485e-04
0.72460 4.39926e-04
0.72469 4.37025e-04
0.72478 4.39943e-04
0.72487 4.45329e-04
0.72496 4.49121e-04
0.72505 4.49675e-04
0.72514 4.46914e-04
0.72523 4.41930e-04
0.72532 4.38442e-04
0.72541 4.39641e-04
0.72550 4.42964e-04
0.72559 4.44802e-04
0.72568 4.46316e-04
0.72577 4.48905e-04
0.72586 4.51339e-04
0.72595 4.52525e-04
0.72604 4.50202e-04
0.72613 4.47543e-04
0.72622 4.42022e-04
0.72631 4.35921e-04
0.72640 4.36932e-04
0.72649 4.43337e-04
0.72658 4.47848e-04
0.72667 4.49527e-04
0.72676 4.49955e-04
0.72685 4.50560e-04
0.72694 4.51216e-04
0.72703 4.50772e-04
0.72712 4.49624e-04
0.72721 4.47661e-04
0.72730 4.45884e-04
0.72739 4.45837e-04
0.72748 4.46449e-04
0.72757 4.47136e-04
0.72766 4.48326e-04
0.72775 4.50019e-04
0.72784 4.50946e-04
0.72793 4.49721e-04
0.72802 4.47935e-04
0.72811 4.47618e-04
0.72820 4.46988e-04
0.72829 4.43505e-04
0.72838 4.38547e-04
0.72847 4.36702e-04
0.72856 4.38417e-04
0.72865 4.41356e-04
0.72874 4.45037e-04
0.72883 4.48021e-04
0.72892 4.46519e-04
0.72901 4.41065e-04
0.72910 4.37727e-04
0.72919 4.37681e-04
0.72928 4.36413e-04
0.72937 4.34641e-04
0.72946 4.36204e-04
0.72955 4.41405e-04
0.72964 4.47288e-04
0.72973 4.51783e-04
0.72982 4.54035e-04
0.72991 4.52716e-04
0.73000 4.49540e-04
0.73009 4.46910e-04
0.73018 4.45877e-04
0.73027 4.46799e-04
0.73036 4.48622e-04
0.73045 4.49984e-04
0.73054 4.50968e-04
0.73063 4.51440e-04
0.73072 4.50419e-04
0.73081 4.47623e-04
0.73090 4.44581e-04
0.73099 4.43524e-04
0.73108 4.45623e-04
0.73117 4.46930e-04
0.73126 4.45006e-04
0.73135 4.44313e-04
0.73144 4.46920e-04
0.73153 4.49957e-04
0.73162 4.51260e-04
0.73171 4.51106e-04
0.73180 4.52896e-04
0.73189 4.62282e-04
0.73198 4.80416e-04
0.73207 5.02438e-04
0.73216 5.17896e-04
0.73225 5.15868e-04
0.73234 4.99525e-04
0.73243 4.77871e-04
0.73252 4.58568e-04
0.73261 4.48063e-04
0.73270 4.44484e-04
0.73279 4.45755e-04
0.73288 4.54906e-04
0.73297 4.71591e-04
0.73306 4.89873e-04
0.73315 5.02457e-04
0.73324 5.04875e-04
0.73333 4.95589e-04
0.73342 4.79554e-04
0.73351 4.64570e-04
0.73360 4.56140e-04
0.73369 4.53854e-04
0.73378 4.54267e-04
0.73387 4.54934e-04
0.73396 4.54792e-04
0.73405 4.54252e-04
0.73414 4.54467e-04
0.73423 4.55607e-04
0.73432 4.56341e-04
0.73441 4.54639e-04
0.73450 4.49326e-04
0.73459 4.43728e-04
0.73468 4.43578e-04
0.73477 4.48204e-04
0.73486 4.52347e-04
0.73495 4.54385e-04
0.73504 4.54511e-04
0.73513 4.52250e-04
0.73522 4.48787e-04
0.73531 4.47041e-04
0.73540 4.47995e-04
0.73549 4.48715e-04
0.73558 4.46566e-04
0.73567 4.41830e-04
0.73576 4.36972e-04
0.73585 4.37498e-04
0.73594 4.42757e-04
0.73603 4.49152e-04
0.73612 4.53250e-04
0.73621 4.52290e-04
0.73630 4.47775e-04
0.73639 4.43354e-04
0.73648 4.41571e-04
0.73657 4.42576e-04
0.73666 4.45166e-04
0.73675 4.47234e-04
0.73684 4.48632e-04
0.73693 4.50324e-04
0.73702 4.50708e-04
0.73711 4.49930e-04
0.73720 4.50734e-04
0.73729 4.52918e-04
0.73738 4.54091e-04
0.73747 4.53320e-04
0.73756 4.52154e-04
0.73765 4.51284e-04
0.73774 4.50646e-04
0.73783 4.50694e-04
0.73792 4.51914e-04
0.73801 4.53557e-04
0.73810 4.53970e-04
0.73819 4.52067e-04
0.73828 4.48269e-04
0.73837 4.44556e-04
0.73846 4.42997e-04
0.73855 4.42175e-04
0.73864 4.39437e-04
0.73873 4.35865e-04
0.73882 4.34701e-04
0.73891 4.34850e-04
0.73900 4.33488e-04
0.73909 4.31405e-04
0.73918 4.32748e-04
0.73927 4.37117e-04
0.73936 4.39466e-04
0.73945 4.38558e-04
0.73954 4.38286e-04
0.73963 4.40840e-04
0.73972 4.43533e-04
0.73981 4.44318e-04
0.73990 4.43956e-04
0.73999 4.43343e-04
0.74008 4.41352e-04
0.74017 4.38753e-04
0.74100 4.54117e-04
0.74300 4.58722e-04
0.74500 4.60692e-04
0.74700 4.62072e-04
0.74900 4.61867e-04
0.75100 4.65197e-04
0.75300 4.68337e-04
0.75500 4.70890e-04
0.75700 4.69771e-04
0.75900 4.68252e-04
0.76100 4.68415e-04
0.76300 4.68649e-04
0.76500 4.68922e-04
0.76700 4.63093e-04
0.76900 4.71809e-04
0.77100 4.70646e-04
0.77300 4.76655e-04
0.77500 4.77692e-04
0.77700 4.78891e-04
0.77900 4.79734e-04
0.78100 4.78081e-04
0.78300 4.75149e-04
0.78500 4.72457e-04
0.78700 4.74058e-04
0.78900 4.68541e-04
0.79100 4.64209e-04
0.79300 4.65849e-04
0.79500 4.64034e-04
0.79700 4.73457e-04
0.79900 4.73059e-04
0.80100 4.78942e-04
0.80300 4.80388e-04
0.80500 4.79904e-04
0.80700 4.80833e-04
0.80900 4.78145e-04
0.81100 4.80027e-04
0.81300 4.83913e-04
0.81500 4.85101e-04
0.81700 4.86518e-04
0.81900 4.81157e-04
0.82100 4.83663e-04
0.82300 4.83627e-04
0.82500 4.79829e-04
0.82700 4.77977e-04
0.82900 4.75504e-04
0.83100 4.69141e-04
0.83300 4.67859e-04
0.83500 4.71866e-04
0.83700 4.71034e-04
0.83900 4.67685e-04
0.84100 4.76300e-04
0.84300 4.74836e-04
0.84500 4.77373e-04
0.84700 4.70585e-04
0.84900 4.86667e-04
0.85100 4.61139e-04
0.85300 4.92358e-04
0.85500 4.45475e-04
0.85700 5.03258e-04
0.85900 4.87133e-04
0.86100 4.84058e-04
0.86300 5.07507e-04
0.86500 5.01709e-04
0.86700 4.47796e-04
0.86900 4.98958e-04
0.87100 5.11512e-04
0.87300 5.08252e-04
0.87500 4.75521e-04
0.87700 5.06709e-04
0.87900 5.16342e-04
0.88100 5.13537e-04
0.88300 5.13699e-04
0.88500 5.04370e-04
0.88700 4.77534e-04
0.88900 5.13468e-04
0.89100 5.21078e-04
0.89300 5.19605e-04
0.89500 5.23028e-04
0.89700 5.32275e-04
0.89900 5.49303e-04
0.90100 5.53435e-04
0.90300 6.29906e-04
0.90500 7.05386e-04
0.90700 7.26941e-04
0.90900 6.97755e-04
0.91100 6.47771e-04
0.91300 5.96577e-04
0.91500 5.57902e-04
0.91700 5.39387e-04
0.91900 5.35602e-04
0.92100 5.24608e-04
0.92300 4.96387e-04
0.92500 5.21632e-04
0.92700 5.27726e-04
0.92900 5.28272e-04
0.93100 5.28910e-04
0.93300 5.27337e-04
0.93500 5.26663e-04
0.93700 5.23128e-04
0.93900 5.27510e-04
0.94100 5.24135e-04
0.94300 5.47945e-04
0.94500 5.88948e-04
0.94700 6.90163e-04
0.94900 8.47380e-04
0.95100 1.01040e-03
0.95300 1.09688e-03
0.95500 1.02263e-03
0.95700 9.03038e-04
0.95900 7.44138e-04
0.96100 6.23050e-04
0.96300 5.60329e-04
0.96500 5.34828e-04
0.96700 5.27423e-04
0.96900 5.30431e-04
0.97100 5.29783e-04
0.97300 5.29043e-04
0.97500 5.28182e-04
0.97700 5.30270e-04
0.97900 5.26745e-04
0.98100 5.34600e-04
0.98300 5.34310e-04
0.98500 5.36356e-04
0.98700 5.36175e-04
0.98900 5.37122e-04
